0.000000000000000000e+00 3.100000000000000000e+01
3.000000000000000000e+00 7.400000000000000000e+01
1.820000000000000000e+02 7.000000000000000000e+01
2.300000000000000000e+02 9.600000000000000000e+01
4.050000000000000000e+02 1.000000000000000000e+01
7.420000000000000000e+02 6.000000000000000000e+01
8.190000000000000000e+02 1.600000000000000000e+01
9.230000000000000000e+02 4.000000000000000000e+00
1.233000000000000000e+03 3.900000000000000000e+01
1.259000000000000000e+03 5.900000000000000000e+01
1.366000000000000000e+03 3.700000000000000000e+01
1.680000000000000000e+03 0.000000000000000000e+00
1.761000000000000000e+03 8.200000000000000000e+01
1.778000000000000000e+03 5.300000000000000000e+01
2.249000000000000000e+03 3.600000000000000000e+01
2.308000000000000000e+03 1.500000000000000000e+01
2.315000000000000000e+03 5.300000000000000000e+01
2.316000000000000000e+03 1.500000000000000000e+01
2.422000000000000000e+03 9.500000000000000000e+01
2.440000000000000000e+03 8.200000000000000000e+01
2.485000000000000000e+03 8.500000000000000000e+01
2.820000000000000000e+03 5.600000000000000000e+01
2.878000000000000000e+03 4.900000000000000000e+01
3.266000000000000000e+03 4.500000000000000000e+01
3.485000000000000000e+03 6.500000000000000000e+01
3.491000000000000000e+03 4.000000000000000000e+01
3.498000000000000000e+03 4.100000000000000000e+01
3.518000000000000000e+03 6.800000000000000000e+01
3.800000000000000000e+03 5.000000000000000000e+00
