2.200000000000000000e+01 5.600000000000000000e+01
3.300000000000000000e+01 1.000000000000000000e+00
9.000000000000000000e+01 7.200000000000000000e+01
1.840000000000000000e+02 6.700000000000000000e+01
3.430000000000000000e+02 2.300000000000000000e+01
1.011000000000000000e+03 1.800000000000000000e+01
1.014000000000000000e+03 5.000000000000000000e+01
1.144000000000000000e+03 8.100000000000000000e+01
1.204000000000000000e+03 2.400000000000000000e+01
1.768000000000000000e+03 2.200000000000000000e+01
