7.800000000000000000e+01 6.700000000000000000e+01
2.080000000000000000e+02 7.000000000000000000e+01
3.630000000000000000e+02 2.700000000000000000e+01
3.710000000000000000e+02 1.200000000000000000e+01
4.200000000000000000e+02 5.600000000000000000e+01
4.550000000000000000e+02 6.600000000000000000e+01
6.410000000000000000e+02 6.900000000000000000e+01
6.540000000000000000e+02 3.700000000000000000e+01
6.980000000000000000e+02 2.300000000000000000e+01
7.180000000000000000e+02 6.400000000000000000e+01
8.210000000000000000e+02 2.500000000000000000e+01
1.193000000000000000e+03 5.800000000000000000e+01
1.268000000000000000e+03 8.600000000000000000e+01
1.503000000000000000e+03 7.900000000000000000e+01
1.543000000000000000e+03 3.400000000000000000e+01
1.554000000000000000e+03 5.200000000000000000e+01
1.698000000000000000e+03 6.000000000000000000e+01
1.931000000000000000e+03 6.500000000000000000e+01
2.143000000000000000e+03 9.300000000000000000e+01
2.213000000000000000e+03 5.400000000000000000e+01
2.395000000000000000e+03 1.200000000000000000e+01
2.415000000000000000e+03 7.400000000000000000e+01
2.419000000000000000e+03 3.800000000000000000e+01
2.444000000000000000e+03 8.600000000000000000e+01
2.470000000000000000e+03 3.200000000000000000e+01
2.485000000000000000e+03 9.100000000000000000e+01
2.916000000000000000e+03 6.600000000000000000e+01
2.933000000000000000e+03 8.400000000000000000e+01
2.981000000000000000e+03 9.300000000000000000e+01
3.050000000000000000e+03 3.600000000000000000e+01
3.109000000000000000e+03 7.000000000000000000e+00
3.192000000000000000e+03 2.200000000000000000e+01
3.195000000000000000e+03 6.900000000000000000e+01
3.354000000000000000e+03 5.300000000000000000e+01
3.411000000000000000e+03 4.000000000000000000e+01
3.591000000000000000e+03 8.400000000000000000e+01
3.600000000000000000e+03 2.900000000000000000e+01
3.632000000000000000e+03 2.900000000000000000e+01
3.673000000000000000e+03 3.600000000000000000e+01
