3.900000000000000000e+01 1.700000000000000000e+01
3.500000000000000000e+02 1.100000000000000000e+01
3.950000000000000000e+02 9.200000000000000000e+01
4.190000000000000000e+02 3.000000000000000000e+00
6.780000000000000000e+02 4.900000000000000000e+01
8.390000000000000000e+02 9.300000000000000000e+01
9.000000000000000000e+02 5.000000000000000000e+01
1.375000000000000000e+03 1.700000000000000000e+01
1.392000000000000000e+03 6.300000000000000000e+01
1.395000000000000000e+03 4.800000000000000000e+01
1.424000000000000000e+03 3.300000000000000000e+01
1.446000000000000000e+03 9.600000000000000000e+01
1.490000000000000000e+03 9.200000000000000000e+01
1.509000000000000000e+03 3.500000000000000000e+01
1.654000000000000000e+03 2.000000000000000000e+01
1.712000000000000000e+03 3.600000000000000000e+01
1.809000000000000000e+03 1.500000000000000000e+01
1.817000000000000000e+03 6.000000000000000000e+00
1.832000000000000000e+03 5.400000000000000000e+01
1.897000000000000000e+03 6.400000000000000000e+01
1.992000000000000000e+03 3.300000000000000000e+01
2.044000000000000000e+03 7.900000000000000000e+01
2.054000000000000000e+03 1.500000000000000000e+01
2.379000000000000000e+03 7.600000000000000000e+01
2.553000000000000000e+03 9.800000000000000000e+01
2.727000000000000000e+03 2.900000000000000000e+01
2.727000000000000000e+03 9.700000000000000000e+01
2.821000000000000000e+03 6.000000000000000000e+01
2.844000000000000000e+03 9.800000000000000000e+01
2.845000000000000000e+03 4.800000000000000000e+01
2.849000000000000000e+03 5.600000000000000000e+01
3.069000000000000000e+03 4.300000000000000000e+01
3.088000000000000000e+03 1.700000000000000000e+01
3.229000000000000000e+03 3.700000000000000000e+01
3.632000000000000000e+03 1.200000000000000000e+01
3.640000000000000000e+03 3.400000000000000000e+01
