1.610000000000000000e+02 7.000000000000000000e+01
6.770000000000000000e+02 5.700000000000000000e+01
6.890000000000000000e+02 2.000000000000000000e+00
7.310000000000000000e+02 0.000000000000000000e+00
7.590000000000000000e+02 7.000000000000000000e+00
7.770000000000000000e+02 7.200000000000000000e+01
7.970000000000000000e+02 6.800000000000000000e+01
9.050000000000000000e+02 1.300000000000000000e+01
9.630000000000000000e+02 9.300000000000000000e+01
1.036000000000000000e+03 5.300000000000000000e+01
1.039000000000000000e+03 4.100000000000000000e+01
1.263000000000000000e+03 4.800000000000000000e+01
1.283000000000000000e+03 3.000000000000000000e+00
1.337000000000000000e+03 7.900000000000000000e+01
1.638000000000000000e+03 6.700000000000000000e+01
1.707000000000000000e+03 3.800000000000000000e+01
1.707000000000000000e+03 9.800000000000000000e+01
1.815000000000000000e+03 9.200000000000000000e+01
1.819000000000000000e+03 8.500000000000000000e+01
1.901000000000000000e+03 7.700000000000000000e+01
2.336000000000000000e+03 8.000000000000000000e+00
2.465000000000000000e+03 9.900000000000000000e+01
2.756000000000000000e+03 7.500000000000000000e+01
2.989000000000000000e+03 5.100000000000000000e+01
3.009000000000000000e+03 3.200000000000000000e+01
3.342000000000000000e+03 7.300000000000000000e+01
3.619000000000000000e+03 4.700000000000000000e+01
3.793000000000000000e+03 9.100000000000000000e+01
3.806000000000000000e+03 7.300000000000000000e+01
3.818000000000000000e+03 2.000000000000000000e+01
3.868000000000000000e+03 4.500000000000000000e+01
3.942000000000000000e+03 6.000000000000000000e+00
4.271000000000000000e+03 6.500000000000000000e+01
4.287000000000000000e+03 8.600000000000000000e+01
4.319000000000000000e+03 3.600000000000000000e+01
4.802000000000000000e+03 5.000000000000000000e+01
5.135000000000000000e+03 1.900000000000000000e+01
5.218000000000000000e+03 1.000000000000000000e+00
5.245000000000000000e+03 3.100000000000000000e+01
5.265000000000000000e+03 7.200000000000000000e+01
5.275000000000000000e+03 0.000000000000000000e+00
5.279000000000000000e+03 1.700000000000000000e+01
5.294000000000000000e+03 4.800000000000000000e+01
5.319000000000000000e+03 5.400000000000000000e+01
5.356000000000000000e+03 6.400000000000000000e+01
5.382000000000000000e+03 5.200000000000000000e+01
5.537000000000000000e+03 4.400000000000000000e+01
5.814000000000000000e+03 5.700000000000000000e+01
6.100000000000000000e+03 9.600000000000000000e+01
