3.810000000000000000e+02 8.500000000000000000e+01
4.420000000000000000e+02 6.300000000000000000e+01
4.440000000000000000e+02 6.200000000000000000e+01
4.560000000000000000e+02 2.600000000000000000e+01
5.120000000000000000e+02 6.200000000000000000e+01
6.170000000000000000e+02 3.200000000000000000e+01
6.870000000000000000e+02 2.300000000000000000e+01
8.080000000000000000e+02 2.600000000000000000e+01
9.500000000000000000e+02 1.000000000000000000e+00
1.101000000000000000e+03 1.500000000000000000e+01
1.987000000000000000e+03 2.100000000000000000e+01
2.309000000000000000e+03 2.900000000000000000e+01
2.424000000000000000e+03 8.300000000000000000e+01
2.597000000000000000e+03 2.100000000000000000e+01
2.600000000000000000e+03 9.300000000000000000e+01
2.626000000000000000e+03 1.000000000000000000e+01
2.652000000000000000e+03 7.900000000000000000e+01
2.723000000000000000e+03 7.900000000000000000e+01
2.745000000000000000e+03 4.700000000000000000e+01
2.865000000000000000e+03 6.800000000000000000e+01
3.037000000000000000e+03 9.200000000000000000e+01
3.229000000000000000e+03 9.000000000000000000e+00
3.244000000000000000e+03 8.100000000000000000e+01
3.288000000000000000e+03 6.600000000000000000e+01
3.878000000000000000e+03 9.600000000000000000e+01
3.932000000000000000e+03 1.700000000000000000e+01
4.069000000000000000e+03 2.700000000000000000e+01
4.165000000000000000e+03 4.400000000000000000e+01
4.168000000000000000e+03 4.700000000000000000e+01
4.242000000000000000e+03 8.000000000000000000e+00
4.257000000000000000e+03 6.600000000000000000e+01
4.264000000000000000e+03 4.800000000000000000e+01
4.397000000000000000e+03 9.800000000000000000e+01
4.446000000000000000e+03 2.900000000000000000e+01
4.561000000000000000e+03 8.400000000000000000e+01
4.804000000000000000e+03 4.600000000000000000e+01
4.827000000000000000e+03 7.700000000000000000e+01
4.924000000000000000e+03 9.800000000000000000e+01
4.973000000000000000e+03 2.400000000000000000e+01
4.986000000000000000e+03 4.300000000000000000e+01
5.136000000000000000e+03 2.400000000000000000e+01
5.197000000000000000e+03 9.000000000000000000e+01
