4.350000000000000000e+02 2.700000000000000000e+01
5.840000000000000000e+02 2.700000000000000000e+01
6.010000000000000000e+02 7.600000000000000000e+01
6.140000000000000000e+02 2.800000000000000000e+01
6.650000000000000000e+02 3.200000000000000000e+01
8.920000000000000000e+02 9.100000000000000000e+01
9.080000000000000000e+02 8.000000000000000000e+01
9.190000000000000000e+02 2.100000000000000000e+01
9.260000000000000000e+02 4.800000000000000000e+01
1.057000000000000000e+03 8.000000000000000000e+00
1.175000000000000000e+03 7.800000000000000000e+01
1.363000000000000000e+03 1.200000000000000000e+01
1.391000000000000000e+03 6.300000000000000000e+01
1.419000000000000000e+03 8.700000000000000000e+01
1.451000000000000000e+03 4.200000000000000000e+01
1.479000000000000000e+03 3.900000000000000000e+01
1.559000000000000000e+03 2.200000000000000000e+01
1.776000000000000000e+03 7.500000000000000000e+01
1.827000000000000000e+03 1.400000000000000000e+01
