1.040000000000000000e+02 0.000000000000000000e+00
2.080000000000000000e+02 4.200000000000000000e+01
2.560000000000000000e+02 8.000000000000000000e+01
3.180000000000000000e+02 2.600000000000000000e+01
5.680000000000000000e+02 8.800000000000000000e+01
7.580000000000000000e+02 6.000000000000000000e+01
8.620000000000000000e+02 1.900000000000000000e+01
8.650000000000000000e+02 5.400000000000000000e+01
1.125000000000000000e+03 2.600000000000000000e+01
1.174000000000000000e+03 3.900000000000000000e+01
1.223000000000000000e+03 5.600000000000000000e+01
1.463000000000000000e+03 6.100000000000000000e+01
1.466000000000000000e+03 1.500000000000000000e+01
2.007000000000000000e+03 7.300000000000000000e+01
2.272000000000000000e+03 4.200000000000000000e+01
2.354000000000000000e+03 8.000000000000000000e+01
2.416000000000000000e+03 7.800000000000000000e+01
2.448000000000000000e+03 4.100000000000000000e+01
2.465000000000000000e+03 7.000000000000000000e+01
2.465000000000000000e+03 9.500000000000000000e+01
2.485000000000000000e+03 1.500000000000000000e+01
2.547000000000000000e+03 9.100000000000000000e+01
2.578000000000000000e+03 3.000000000000000000e+01
2.819000000000000000e+03 1.400000000000000000e+01
2.847000000000000000e+03 1.900000000000000000e+01
2.981000000000000000e+03 5.600000000000000000e+01
3.348000000000000000e+03 6.600000000000000000e+01
3.409000000000000000e+03 2.700000000000000000e+01
3.419000000000000000e+03 1.300000000000000000e+01
3.574000000000000000e+03 9.900000000000000000e+01
3.660000000000000000e+03 2.000000000000000000e+00
3.660000000000000000e+03 2.700000000000000000e+01
3.676000000000000000e+03 6.000000000000000000e+01
3.879000000000000000e+03 7.800000000000000000e+01
3.925000000000000000e+03 5.800000000000000000e+01
