1.200000000000000000e+01 4.800000000000000000e+01
9.700000000000000000e+01 5.100000000000000000e+01
1.350000000000000000e+02 9.600000000000000000e+01
2.030000000000000000e+02 4.000000000000000000e+00
2.090000000000000000e+02 7.300000000000000000e+01
2.130000000000000000e+02 3.800000000000000000e+01
2.250000000000000000e+02 4.300000000000000000e+01
2.390000000000000000e+02 3.400000000000000000e+01
2.740000000000000000e+02 4.000000000000000000e+00
4.700000000000000000e+02 7.800000000000000000e+01
5.140000000000000000e+02 9.500000000000000000e+01
7.990000000000000000e+02 9.000000000000000000e+01
