7.000000000000000000e+00 7.200000000000000000e+01
1.090000000000000000e+02 2.300000000000000000e+01
1.220000000000000000e+02 5.500000000000000000e+01
2.370000000000000000e+02 3.000000000000000000e+01
2.660000000000000000e+02 9.000000000000000000e+01
2.720000000000000000e+02 5.100000000000000000e+01
3.980000000000000000e+02 2.500000000000000000e+01
4.110000000000000000e+02 4.700000000000000000e+01
5.760000000000000000e+02 3.100000000000000000e+01
6.200000000000000000e+02 8.300000000000000000e+01
6.450000000000000000e+02 2.600000000000000000e+01
8.980000000000000000e+02 4.800000000000000000e+01
1.001000000000000000e+03 1.800000000000000000e+01
1.152000000000000000e+03 9.600000000000000000e+01
