6.200000000000000000e+01 5.500000000000000000e+01
7.700000000000000000e+01 0.000000000000000000e+00
1.500000000000000000e+02 5.100000000000000000e+01
1.850000000000000000e+02 2.800000000000000000e+01
3.650000000000000000e+02 2.000000000000000000e+00
4.250000000000000000e+02 7.000000000000000000e+01
5.520000000000000000e+02 2.900000000000000000e+01
1.038000000000000000e+03 7.000000000000000000e+01
1.111000000000000000e+03 5.000000000000000000e+01
1.137000000000000000e+03 3.500000000000000000e+01
1.272000000000000000e+03 3.700000000000000000e+01
1.324000000000000000e+03 9.100000000000000000e+01
1.779000000000000000e+03 8.600000000000000000e+01
2.180000000000000000e+03 7.000000000000000000e+00
2.553000000000000000e+03 6.200000000000000000e+01
2.654000000000000000e+03 7.800000000000000000e+01
2.779000000000000000e+03 1.000000000000000000e+00
2.802000000000000000e+03 8.300000000000000000e+01
3.449000000000000000e+03 3.400000000000000000e+01
3.450000000000000000e+03 9.200000000000000000e+01
3.469000000000000000e+03 7.000000000000000000e+01
3.523000000000000000e+03 5.800000000000000000e+01
3.609000000000000000e+03 1.700000000000000000e+01
3.978000000000000000e+03 7.200000000000000000e+01
4.069000000000000000e+03 7.000000000000000000e+01
