1.450000000000000000e+02 2.500000000000000000e+01
2.570000000000000000e+02 3.000000000000000000e+00
5.390000000000000000e+02 9.900000000000000000e+01
6.260000000000000000e+02 9.400000000000000000e+01
7.680000000000000000e+02 6.100000000000000000e+01
7.900000000000000000e+02 2.000000000000000000e+01
1.102000000000000000e+03 1.400000000000000000e+01
1.117000000000000000e+03 9.600000000000000000e+01
1.318000000000000000e+03 9.200000000000000000e+01
1.609000000000000000e+03 7.900000000000000000e+01
1.909000000000000000e+03 3.400000000000000000e+01
1.971000000000000000e+03 2.900000000000000000e+01
2.059000000000000000e+03 5.500000000000000000e+01
2.070000000000000000e+03 8.400000000000000000e+01
3.570000000000000000e+03 2.000000000000000000e+00
4.125000000000000000e+03 1.900000000000000000e+01
4.965000000000000000e+03 1.000000000000000000e+01
4.996000000000000000e+03 4.900000000000000000e+01
5.134000000000000000e+03 5.400000000000000000e+01
5.158000000000000000e+03 3.300000000000000000e+01
