1.700000000000000000e+01 1.300000000000000000e+01
2.100000000000000000e+01 8.100000000000000000e+01
3.050000000000000000e+02 6.000000000000000000e+01
3.790000000000000000e+02 8.300000000000000000e+01
4.230000000000000000e+02 2.800000000000000000e+01
4.410000000000000000e+02 6.300000000000000000e+01
4.420000000000000000e+02 1.300000000000000000e+01
7.550000000000000000e+02 2.900000000000000000e+01
8.560000000000000000e+02 4.700000000000000000e+01
9.830000000000000000e+02 5.800000000000000000e+01
1.155000000000000000e+03 6.700000000000000000e+01
1.157000000000000000e+03 9.100000000000000000e+01
1.218000000000000000e+03 2.700000000000000000e+01
1.284000000000000000e+03 5.000000000000000000e+01
1.401000000000000000e+03 9.400000000000000000e+01
1.485000000000000000e+03 9.200000000000000000e+01
1.561000000000000000e+03 1.300000000000000000e+01
1.666000000000000000e+03 3.000000000000000000e+01
1.776000000000000000e+03 1.300000000000000000e+01
1.838000000000000000e+03 9.600000000000000000e+01
1.854000000000000000e+03 3.000000000000000000e+00
1.888000000000000000e+03 3.700000000000000000e+01
1.935000000000000000e+03 1.700000000000000000e+01
2.016000000000000000e+03 7.000000000000000000e+01
2.109000000000000000e+03 7.500000000000000000e+01
2.178000000000000000e+03 4.600000000000000000e+01
2.202000000000000000e+03 2.000000000000000000e+01
2.567000000000000000e+03 9.700000000000000000e+01
2.591000000000000000e+03 1.300000000000000000e+01
2.744000000000000000e+03 5.100000000000000000e+01
2.746000000000000000e+03 1.700000000000000000e+01
2.793000000000000000e+03 2.600000000000000000e+01
2.908000000000000000e+03 4.300000000000000000e+01
2.917000000000000000e+03 6.100000000000000000e+01
2.933000000000000000e+03 6.900000000000000000e+01
2.991000000000000000e+03 6.500000000000000000e+01
3.001000000000000000e+03 9.800000000000000000e+01
3.057000000000000000e+03 8.000000000000000000e+01
