2.600000000000000000e+02 7.100000000000000000e+01
2.820000000000000000e+02 3.600000000000000000e+01
3.590000000000000000e+02 8.400000000000000000e+01
4.090000000000000000e+02 4.800000000000000000e+01
4.710000000000000000e+02 2.300000000000000000e+01
4.990000000000000000e+02 5.500000000000000000e+01
5.450000000000000000e+02 1.900000000000000000e+01
6.390000000000000000e+02 5.300000000000000000e+01
8.310000000000000000e+02 9.000000000000000000e+01
8.640000000000000000e+02 5.500000000000000000e+01
8.760000000000000000e+02 5.000000000000000000e+00
9.610000000000000000e+02 5.100000000000000000e+01
1.016000000000000000e+03 6.900000000000000000e+01
1.141000000000000000e+03 1.200000000000000000e+01
1.209000000000000000e+03 5.700000000000000000e+01
1.323000000000000000e+03 2.800000000000000000e+01
1.340000000000000000e+03 2.600000000000000000e+01
1.539000000000000000e+03 1.000000000000000000e+01
1.616000000000000000e+03 7.800000000000000000e+01
1.726000000000000000e+03 3.700000000000000000e+01
1.734000000000000000e+03 8.800000000000000000e+01
1.823000000000000000e+03 5.800000000000000000e+01
1.841000000000000000e+03 4.900000000000000000e+01
1.894000000000000000e+03 7.000000000000000000e+00
1.922000000000000000e+03 4.500000000000000000e+01
1.967000000000000000e+03 8.400000000000000000e+01
2.010000000000000000e+03 5.300000000000000000e+01
2.051000000000000000e+03 6.300000000000000000e+01
2.059000000000000000e+03 2.200000000000000000e+01
2.212000000000000000e+03 5.000000000000000000e+00
2.378000000000000000e+03 8.800000000000000000e+01
2.473000000000000000e+03 6.000000000000000000e+00
2.486000000000000000e+03 6.700000000000000000e+01
2.543000000000000000e+03 2.900000000000000000e+01
2.914000000000000000e+03 7.000000000000000000e+00
2.963000000000000000e+03 9.600000000000000000e+01
2.981000000000000000e+03 8.100000000000000000e+01
