2.080000000000000000e+02 6.600000000000000000e+01
2.350000000000000000e+02 5.500000000000000000e+01
2.700000000000000000e+02 9.600000000000000000e+01
3.230000000000000000e+02 6.300000000000000000e+01
3.720000000000000000e+02 6.200000000000000000e+01
3.960000000000000000e+02 7.600000000000000000e+01
4.100000000000000000e+02 5.000000000000000000e+01
6.180000000000000000e+02 5.400000000000000000e+01
6.510000000000000000e+02 5.400000000000000000e+01
8.720000000000000000e+02 8.000000000000000000e+01
9.750000000000000000e+02 2.100000000000000000e+01
1.025000000000000000e+03 2.300000000000000000e+01
1.033000000000000000e+03 1.700000000000000000e+01
1.065000000000000000e+03 8.400000000000000000e+01
1.316000000000000000e+03 8.200000000000000000e+01
1.389000000000000000e+03 6.300000000000000000e+01
1.435000000000000000e+03 8.400000000000000000e+01
1.475000000000000000e+03 6.300000000000000000e+01
1.500000000000000000e+03 2.200000000000000000e+01
1.515000000000000000e+03 5.200000000000000000e+01
1.618000000000000000e+03 1.900000000000000000e+01
1.643000000000000000e+03 7.300000000000000000e+01
1.652000000000000000e+03 1.000000000000000000e+01
1.659000000000000000e+03 8.900000000000000000e+01
2.097000000000000000e+03 1.600000000000000000e+01
2.114000000000000000e+03 7.700000000000000000e+01
2.115000000000000000e+03 3.000000000000000000e+00
2.154000000000000000e+03 8.100000000000000000e+01
2.227000000000000000e+03 5.000000000000000000e+00
2.288000000000000000e+03 2.200000000000000000e+01
2.336000000000000000e+03 4.700000000000000000e+01
2.463000000000000000e+03 1.400000000000000000e+01
2.949000000000000000e+03 2.200000000000000000e+01
2.951000000000000000e+03 7.900000000000000000e+01
