1.560000000000000000e+02 3.300000000000000000e+01
2.420000000000000000e+02 8.200000000000000000e+01
2.420000000000000000e+02 8.200000000000000000e+01
2.550000000000000000e+02 5.900000000000000000e+01
4.620000000000000000e+02 4.400000000000000000e+01
6.950000000000000000e+02 7.800000000000000000e+01
7.660000000000000000e+02 6.300000000000000000e+01
8.410000000000000000e+02 6.000000000000000000e+00
9.160000000000000000e+02 7.000000000000000000e+00
1.007000000000000000e+03 1.100000000000000000e+01
1.302000000000000000e+03 8.200000000000000000e+01
1.394000000000000000e+03 6.100000000000000000e+01
1.464000000000000000e+03 5.000000000000000000e+00
1.473000000000000000e+03 5.200000000000000000e+01
1.515000000000000000e+03 2.400000000000000000e+01
1.893000000000000000e+03 6.500000000000000000e+01
1.902000000000000000e+03 9.000000000000000000e+00
2.033000000000000000e+03 5.600000000000000000e+01
2.165000000000000000e+03 8.000000000000000000e+00
2.212000000000000000e+03 3.700000000000000000e+01
2.298000000000000000e+03 1.000000000000000000e+01
2.436000000000000000e+03 7.900000000000000000e+01
2.517000000000000000e+03 3.400000000000000000e+01
2.779000000000000000e+03 3.800000000000000000e+01
3.092000000000000000e+03 2.500000000000000000e+01
3.122000000000000000e+03 4.400000000000000000e+01
3.239000000000000000e+03 9.100000000000000000e+01
3.731000000000000000e+03 8.600000000000000000e+01
3.763000000000000000e+03 9.700000000000000000e+01
3.853000000000000000e+03 1.900000000000000000e+01
3.881000000000000000e+03 3.000000000000000000e+01
4.052000000000000000e+03 6.000000000000000000e+00
4.439000000000000000e+03 8.200000000000000000e+01
4.497000000000000000e+03 2.300000000000000000e+01
