4.000000000000000000e+01 2.800000000000000000e+01
6.300000000000000000e+01 4.800000000000000000e+01
6.300000000000000000e+01 4.600000000000000000e+01
7.200000000000000000e+01 2.400000000000000000e+01
1.140000000000000000e+02 1.100000000000000000e+01
1.240000000000000000e+02 1.000000000000000000e+01
1.730000000000000000e+02 4.600000000000000000e+01
5.230000000000000000e+02 3.300000000000000000e+01
5.480000000000000000e+02 7.500000000000000000e+01
7.780000000000000000e+02 2.500000000000000000e+01
7.950000000000000000e+02 9.000000000000000000e+01
1.003000000000000000e+03 1.400000000000000000e+01
1.018000000000000000e+03 8.000000000000000000e+00
1.302000000000000000e+03 1.000000000000000000e+01
1.376000000000000000e+03 4.200000000000000000e+01
1.402000000000000000e+03 9.000000000000000000e+01
1.421000000000000000e+03 8.800000000000000000e+01
1.512000000000000000e+03 6.200000000000000000e+01
1.546000000000000000e+03 4.800000000000000000e+01
1.614000000000000000e+03 2.600000000000000000e+01
1.664000000000000000e+03 6.900000000000000000e+01
