1.970000000000000000e+02 1.000000000000000000e+01
3.170000000000000000e+02 9.300000000000000000e+01
3.420000000000000000e+02 6.300000000000000000e+01
5.090000000000000000e+02 2.500000000000000000e+01
6.390000000000000000e+02 4.200000000000000000e+01
6.520000000000000000e+02 9.200000000000000000e+01
6.530000000000000000e+02 4.500000000000000000e+01
6.780000000000000000e+02 5.900000000000000000e+01
7.450000000000000000e+02 2.300000000000000000e+01
7.480000000000000000e+02 1.700000000000000000e+01
1.249000000000000000e+03 2.000000000000000000e+01
1.253000000000000000e+03 8.300000000000000000e+01
1.339000000000000000e+03 4.800000000000000000e+01
1.510000000000000000e+03 2.000000000000000000e+00
1.840000000000000000e+03 8.400000000000000000e+01
1.845000000000000000e+03 4.000000000000000000e+01
1.945000000000000000e+03 7.900000000000000000e+01
1.951000000000000000e+03 6.100000000000000000e+01
2.068000000000000000e+03 1.100000000000000000e+01
2.081000000000000000e+03 2.200000000000000000e+01
2.173000000000000000e+03 6.700000000000000000e+01
2.269000000000000000e+03 8.900000000000000000e+01
2.271000000000000000e+03 6.200000000000000000e+01
2.479000000000000000e+03 9.900000000000000000e+01
2.484000000000000000e+03 8.400000000000000000e+01
2.533000000000000000e+03 5.000000000000000000e+01
3.489000000000000000e+03 8.000000000000000000e+00
3.545000000000000000e+03 9.900000000000000000e+01
3.619000000000000000e+03 3.800000000000000000e+01
3.683000000000000000e+03 1.000000000000000000e+01
3.753000000000000000e+03 6.000000000000000000e+01
3.922000000000000000e+03 9.300000000000000000e+01
3.940000000000000000e+03 7.600000000000000000e+01
3.990000000000000000e+03 6.900000000000000000e+01
4.045000000000000000e+03 8.600000000000000000e+01
4.075000000000000000e+03 9.000000000000000000e+00
4.266000000000000000e+03 5.400000000000000000e+01
4.413000000000000000e+03 4.200000000000000000e+01
4.659000000000000000e+03 6.100000000000000000e+01
4.960000000000000000e+03 5.000000000000000000e+01
4.975000000000000000e+03 2.000000000000000000e+01
4.986000000000000000e+03 4.600000000000000000e+01
5.176000000000000000e+03 7.000000000000000000e+00
5.208000000000000000e+03 7.200000000000000000e+01
5.337000000000000000e+03 8.700000000000000000e+01
