9.300000000000000000e+01 8.900000000000000000e+01
3.850000000000000000e+02 9.000000000000000000e+01
7.710000000000000000e+02 1.100000000000000000e+01
8.110000000000000000e+02 1.200000000000000000e+01
8.780000000000000000e+02 9.400000000000000000e+01
8.810000000000000000e+02 3.100000000000000000e+01
9.580000000000000000e+02 7.600000000000000000e+01
9.950000000000000000e+02 1.100000000000000000e+01
1.635000000000000000e+03 6.900000000000000000e+01
1.743000000000000000e+03 1.600000000000000000e+01
2.276000000000000000e+03 9.900000000000000000e+01
2.289000000000000000e+03 8.400000000000000000e+01
2.568000000000000000e+03 4.200000000000000000e+01
2.647000000000000000e+03 7.800000000000000000e+01
2.658000000000000000e+03 7.000000000000000000e+00
2.677000000000000000e+03 1.300000000000000000e+01
2.800000000000000000e+03 5.400000000000000000e+01
2.918000000000000000e+03 1.800000000000000000e+01
2.970000000000000000e+03 8.700000000000000000e+01
3.023000000000000000e+03 2.400000000000000000e+01
3.060000000000000000e+03 6.900000000000000000e+01
3.210000000000000000e+03 5.100000000000000000e+01
3.250000000000000000e+03 9.200000000000000000e+01
3.271000000000000000e+03 2.000000000000000000e+00
3.439000000000000000e+03 7.900000000000000000e+01
3.680000000000000000e+03 5.400000000000000000e+01
3.692000000000000000e+03 8.400000000000000000e+01
