2.930000000000000000e+02 5.400000000000000000e+01
8.400000000000000000e+02 6.000000000000000000e+01
8.830000000000000000e+02 8.700000000000000000e+01
8.870000000000000000e+02 8.300000000000000000e+01
9.270000000000000000e+02 6.000000000000000000e+01
1.030000000000000000e+03 8.900000000000000000e+01
1.156000000000000000e+03 2.000000000000000000e+00
1.545000000000000000e+03 9.200000000000000000e+01
1.560000000000000000e+03 2.800000000000000000e+01
1.579000000000000000e+03 3.700000000000000000e+01
1.604000000000000000e+03 9.400000000000000000e+01
1.761000000000000000e+03 3.700000000000000000e+01
1.833000000000000000e+03 2.200000000000000000e+01
1.921000000000000000e+03 3.400000000000000000e+01
1.957000000000000000e+03 4.800000000000000000e+01
2.144000000000000000e+03 6.800000000000000000e+01
2.182000000000000000e+03 8.800000000000000000e+01
2.201000000000000000e+03 2.000000000000000000e+01
2.309000000000000000e+03 7.300000000000000000e+01
2.346000000000000000e+03 5.700000000000000000e+01
2.361000000000000000e+03 7.500000000000000000e+01
2.564000000000000000e+03 2.800000000000000000e+01
2.565000000000000000e+03 6.800000000000000000e+01
2.782000000000000000e+03 4.300000000000000000e+01
2.810000000000000000e+03 4.000000000000000000e+01
3.009000000000000000e+03 1.200000000000000000e+01
3.015000000000000000e+03 7.600000000000000000e+01
3.016000000000000000e+03 9.800000000000000000e+01
3.130000000000000000e+03 8.200000000000000000e+01
3.366000000000000000e+03 8.400000000000000000e+01
3.370000000000000000e+03 1.400000000000000000e+01
3.391000000000000000e+03 8.100000000000000000e+01
3.867000000000000000e+03 9.000000000000000000e+00
4.213000000000000000e+03 3.800000000000000000e+01
4.224000000000000000e+03 6.200000000000000000e+01
