2.000000000000000000e+01 9.500000000000000000e+01
1.210000000000000000e+02 0.000000000000000000e+00
1.620000000000000000e+02 8.000000000000000000e+01
2.920000000000000000e+02 3.800000000000000000e+01
3.160000000000000000e+02 2.100000000000000000e+01
5.370000000000000000e+02 5.000000000000000000e+01
7.220000000000000000e+02 9.100000000000000000e+01
8.610000000000000000e+02 7.200000000000000000e+01
1.157000000000000000e+03 1.700000000000000000e+01
1.241000000000000000e+03 5.500000000000000000e+01
1.256000000000000000e+03 8.300000000000000000e+01
1.258000000000000000e+03 9.200000000000000000e+01
1.730000000000000000e+03 8.600000000000000000e+01
1.839000000000000000e+03 9.700000000000000000e+01
1.876000000000000000e+03 5.200000000000000000e+01
2.248000000000000000e+03 7.700000000000000000e+01
2.287000000000000000e+03 2.400000000000000000e+01
2.330000000000000000e+03 6.200000000000000000e+01
2.481000000000000000e+03 2.600000000000000000e+01
2.482000000000000000e+03 3.200000000000000000e+01
2.499000000000000000e+03 5.900000000000000000e+01
2.523000000000000000e+03 3.000000000000000000e+00
2.582000000000000000e+03 2.600000000000000000e+01
2.664000000000000000e+03 3.800000000000000000e+01
2.754000000000000000e+03 5.700000000000000000e+01
2.759000000000000000e+03 2.000000000000000000e+01
2.916000000000000000e+03 6.800000000000000000e+01
