4.900000000000000000e+01 8.000000000000000000e+00
1.030000000000000000e+02 7.700000000000000000e+01
1.360000000000000000e+02 9.100000000000000000e+01
1.860000000000000000e+02 8.500000000000000000e+01
2.120000000000000000e+02 6.400000000000000000e+01
4.580000000000000000e+02 3.500000000000000000e+01
4.730000000000000000e+02 1.100000000000000000e+01
1.198000000000000000e+03 6.700000000000000000e+01
1.207000000000000000e+03 6.000000000000000000e+01
1.338000000000000000e+03 4.600000000000000000e+01
1.448000000000000000e+03 3.000000000000000000e+01
1.488000000000000000e+03 2.500000000000000000e+01
1.913000000000000000e+03 1.400000000000000000e+01
2.312000000000000000e+03 5.500000000000000000e+01
3.103000000000000000e+03 5.800000000000000000e+01
3.188000000000000000e+03 4.600000000000000000e+01
3.196000000000000000e+03 8.100000000000000000e+01
