7.000000000000000000e+00 5.100000000000000000e+01
9.600000000000000000e+01 7.700000000000000000e+01
1.970000000000000000e+02 5.000000000000000000e+01
4.280000000000000000e+02 5.500000000000000000e+01
4.770000000000000000e+02 9.500000000000000000e+01
5.340000000000000000e+02 5.800000000000000000e+01
5.430000000000000000e+02 4.000000000000000000e+00
7.370000000000000000e+02 8.600000000000000000e+01
8.580000000000000000e+02 9.900000000000000000e+01
8.660000000000000000e+02 0.000000000000000000e+00
8.890000000000000000e+02 5.100000000000000000e+01
9.050000000000000000e+02 5.000000000000000000e+00
9.840000000000000000e+02 2.700000000000000000e+01
1.008000000000000000e+03 9.700000000000000000e+01
1.068000000000000000e+03 6.100000000000000000e+01
1.449000000000000000e+03 6.600000000000000000e+01
1.492000000000000000e+03 7.800000000000000000e+01
1.502000000000000000e+03 4.400000000000000000e+01
1.507000000000000000e+03 4.700000000000000000e+01
1.522000000000000000e+03 2.000000000000000000e+00
1.635000000000000000e+03 3.600000000000000000e+01
1.656000000000000000e+03 7.400000000000000000e+01
1.698000000000000000e+03 2.700000000000000000e+01
1.789000000000000000e+03 8.400000000000000000e+01
1.876000000000000000e+03 4.300000000000000000e+01
2.292000000000000000e+03 9.700000000000000000e+01
2.419000000000000000e+03 6.000000000000000000e+00
2.420000000000000000e+03 4.700000000000000000e+01
2.463000000000000000e+03 7.100000000000000000e+01
2.705000000000000000e+03 4.100000000000000000e+01
2.778000000000000000e+03 9.100000000000000000e+01
2.781000000000000000e+03 4.700000000000000000e+01
2.877000000000000000e+03 9.400000000000000000e+01
2.885000000000000000e+03 9.000000000000000000e+01
3.039000000000000000e+03 5.000000000000000000e+00
3.048000000000000000e+03 3.800000000000000000e+01
3.065000000000000000e+03 1.900000000000000000e+01
3.076000000000000000e+03 4.200000000000000000e+01
3.120000000000000000e+03 4.000000000000000000e+00
