3.400000000000000000e+01 3.200000000000000000e+01
2.600000000000000000e+02 6.900000000000000000e+01
4.000000000000000000e+02 4.200000000000000000e+01
4.550000000000000000e+02 7.100000000000000000e+01
4.620000000000000000e+02 7.700000000000000000e+01
4.680000000000000000e+02 1.900000000000000000e+01
5.130000000000000000e+02 9.500000000000000000e+01
6.880000000000000000e+02 6.300000000000000000e+01
7.400000000000000000e+02 5.900000000000000000e+01
8.060000000000000000e+02 2.900000000000000000e+01
8.110000000000000000e+02 5.200000000000000000e+01
8.320000000000000000e+02 9.200000000000000000e+01
1.014000000000000000e+03 7.400000000000000000e+01
1.016000000000000000e+03 6.700000000000000000e+01
1.467000000000000000e+03 1.300000000000000000e+01
1.723000000000000000e+03 1.800000000000000000e+01
1.963000000000000000e+03 4.800000000000000000e+01
2.054000000000000000e+03 2.900000000000000000e+01
2.213000000000000000e+03 3.300000000000000000e+01
2.283000000000000000e+03 7.900000000000000000e+01
2.326000000000000000e+03 1.100000000000000000e+01
2.528000000000000000e+03 5.900000000000000000e+01
2.606000000000000000e+03 5.600000000000000000e+01
2.797000000000000000e+03 9.700000000000000000e+01
3.162000000000000000e+03 2.000000000000000000e+01
3.194000000000000000e+03 1.200000000000000000e+01
3.287000000000000000e+03 1.300000000000000000e+01
3.331000000000000000e+03 1.500000000000000000e+01
3.659000000000000000e+03 7.700000000000000000e+01
3.661000000000000000e+03 4.700000000000000000e+01
3.759000000000000000e+03 3.500000000000000000e+01
4.088000000000000000e+03 9.800000000000000000e+01
4.221000000000000000e+03 8.200000000000000000e+01
4.493000000000000000e+03 4.600000000000000000e+01
4.637000000000000000e+03 9.000000000000000000e+00
4.716000000000000000e+03 5.800000000000000000e+01
4.780000000000000000e+03 3.100000000000000000e+01
4.793000000000000000e+03 7.500000000000000000e+01
5.060000000000000000e+03 9.500000000000000000e+01
5.116000000000000000e+03 3.600000000000000000e+01
5.122000000000000000e+03 4.100000000000000000e+01
5.287000000000000000e+03 6.100000000000000000e+01
5.626000000000000000e+03 2.100000000000000000e+01
5.662000000000000000e+03 8.400000000000000000e+01
5.894000000000000000e+03 2.500000000000000000e+01
5.899000000000000000e+03 1.100000000000000000e+01
6.046000000000000000e+03 8.300000000000000000e+01
6.100000000000000000e+03 9.300000000000000000e+01
6.500000000000000000e+03 6.800000000000000000e+01
