3.230000000000000000e+02 1.200000000000000000e+01
3.480000000000000000e+02 6.300000000000000000e+01
3.750000000000000000e+02 4.700000000000000000e+01
6.230000000000000000e+02 2.900000000000000000e+01
6.770000000000000000e+02 6.300000000000000000e+01
8.710000000000000000e+02 6.300000000000000000e+01
9.520000000000000000e+02 7.400000000000000000e+01
1.097000000000000000e+03 4.000000000000000000e+01
1.186000000000000000e+03 1.800000000000000000e+01
1.221000000000000000e+03 4.100000000000000000e+01
1.259000000000000000e+03 7.800000000000000000e+01
1.390000000000000000e+03 2.700000000000000000e+01
1.390000000000000000e+03 9.000000000000000000e+00
1.458000000000000000e+03 3.400000000000000000e+01
1.464000000000000000e+03 6.000000000000000000e+00
1.485000000000000000e+03 3.000000000000000000e+00
1.599000000000000000e+03 6.000000000000000000e+01
1.673000000000000000e+03 6.600000000000000000e+01
1.911000000000000000e+03 2.700000000000000000e+01
1.935000000000000000e+03 1.200000000000000000e+01
2.233000000000000000e+03 6.000000000000000000e+01
2.265000000000000000e+03 6.600000000000000000e+01
2.562000000000000000e+03 0.000000000000000000e+00
2.597000000000000000e+03 1.300000000000000000e+01
2.643000000000000000e+03 1.900000000000000000e+01
2.816000000000000000e+03 7.400000000000000000e+01
3.209000000000000000e+03 6.100000000000000000e+01
3.212000000000000000e+03 5.500000000000000000e+01
3.278000000000000000e+03 8.100000000000000000e+01
3.532000000000000000e+03 1.000000000000000000e+01
4.249000000000000000e+03 1.000000000000000000e+01
4.374000000000000000e+03 7.900000000000000000e+01
4.405000000000000000e+03 8.900000000000000000e+01
4.411000000000000000e+03 9.000000000000000000e+00
4.453000000000000000e+03 8.100000000000000000e+01
4.458000000000000000e+03 2.600000000000000000e+01
4.493000000000000000e+03 8.700000000000000000e+01
4.961000000000000000e+03 3.000000000000000000e+00
5.020000000000000000e+03 8.500000000000000000e+01
