5.460000000000000000e+02 9.800000000000000000e+01
6.890000000000000000e+02 1.000000000000000000e+00
8.680000000000000000e+02 2.300000000000000000e+01
8.760000000000000000e+02 3.100000000000000000e+01
8.780000000000000000e+02 6.200000000000000000e+01
8.850000000000000000e+02 8.100000000000000000e+01
8.850000000000000000e+02 8.000000000000000000e+01
1.030000000000000000e+03 4.000000000000000000e+00
1.107000000000000000e+03 2.400000000000000000e+01
1.134000000000000000e+03 4.900000000000000000e+01
1.221000000000000000e+03 9.600000000000000000e+01
1.238000000000000000e+03 1.200000000000000000e+01
1.250000000000000000e+03 2.800000000000000000e+01
1.420000000000000000e+03 8.800000000000000000e+01
1.753000000000000000e+03 0.000000000000000000e+00
1.753000000000000000e+03 8.200000000000000000e+01
2.052000000000000000e+03 8.200000000000000000e+01
2.094000000000000000e+03 1.800000000000000000e+01
