2.910000000000000000e+02 3.200000000000000000e+01
2.960000000000000000e+02 2.700000000000000000e+01
3.200000000000000000e+02 9.500000000000000000e+01
4.180000000000000000e+02 8.900000000000000000e+01
4.700000000000000000e+02 7.900000000000000000e+01
5.130000000000000000e+02 9.000000000000000000e+01
5.820000000000000000e+02 1.700000000000000000e+01
6.940000000000000000e+02 6.200000000000000000e+01
1.074000000000000000e+03 5.100000000000000000e+01
1.154000000000000000e+03 8.100000000000000000e+01
1.168000000000000000e+03 3.000000000000000000e+00
1.199000000000000000e+03 4.000000000000000000e+00
1.274000000000000000e+03 2.100000000000000000e+01
1.376000000000000000e+03 4.800000000000000000e+01
1.387000000000000000e+03 3.800000000000000000e+01
1.638000000000000000e+03 6.100000000000000000e+01
1.851000000000000000e+03 4.200000000000000000e+01
1.871000000000000000e+03 8.700000000000000000e+01
2.131000000000000000e+03 5.800000000000000000e+01
2.216000000000000000e+03 2.900000000000000000e+01
2.303000000000000000e+03 8.800000000000000000e+01
2.303000000000000000e+03 7.000000000000000000e+00
2.837000000000000000e+03 9.100000000000000000e+01
2.954000000000000000e+03 7.300000000000000000e+01
3.092000000000000000e+03 2.800000000000000000e+01
3.218000000000000000e+03 4.700000000000000000e+01
3.296000000000000000e+03 6.500000000000000000e+01
3.297000000000000000e+03 0.000000000000000000e+00
3.369000000000000000e+03 7.500000000000000000e+01
3.504000000000000000e+03 9.200000000000000000e+01
3.571000000000000000e+03 2.700000000000000000e+01
3.586000000000000000e+03 7.200000000000000000e+01
3.599000000000000000e+03 4.300000000000000000e+01
4.006000000000000000e+03 6.100000000000000000e+01
4.007000000000000000e+03 2.700000000000000000e+01
4.056000000000000000e+03 3.500000000000000000e+01
4.182000000000000000e+03 2.500000000000000000e+01
4.279000000000000000e+03 9.300000000000000000e+01
4.321000000000000000e+03 3.900000000000000000e+01
4.378000000000000000e+03 4.600000000000000000e+01
4.779000000000000000e+03 7.700000000000000000e+01
4.846000000000000000e+03 3.800000000000000000e+01
4.849000000000000000e+03 5.800000000000000000e+01
5.050000000000000000e+03 4.600000000000000000e+01
