8.000000000000000000e+00 7.000000000000000000e+01
1.120000000000000000e+02 8.000000000000000000e+01
3.480000000000000000e+02 1.700000000000000000e+01
4.010000000000000000e+02 5.100000000000000000e+01
4.330000000000000000e+02 4.500000000000000000e+01
1.125000000000000000e+03 6.100000000000000000e+01
1.286000000000000000e+03 4.200000000000000000e+01
1.358000000000000000e+03 7.100000000000000000e+01
1.418000000000000000e+03 3.600000000000000000e+01
1.463000000000000000e+03 9.900000000000000000e+01
1.470000000000000000e+03 6.900000000000000000e+01
1.498000000000000000e+03 7.300000000000000000e+01
1.510000000000000000e+03 4.600000000000000000e+01
1.537000000000000000e+03 4.500000000000000000e+01
1.581000000000000000e+03 7.100000000000000000e+01
1.701000000000000000e+03 1.800000000000000000e+01
1.715000000000000000e+03 5.100000000000000000e+01
1.883000000000000000e+03 2.100000000000000000e+01
1.937000000000000000e+03 8.700000000000000000e+01
1.947000000000000000e+03 2.700000000000000000e+01
2.003000000000000000e+03 9.500000000000000000e+01
2.034000000000000000e+03 6.300000000000000000e+01
2.089000000000000000e+03 4.200000000000000000e+01
2.182000000000000000e+03 7.500000000000000000e+01
2.196000000000000000e+03 3.600000000000000000e+01
2.232000000000000000e+03 8.300000000000000000e+01
2.232000000000000000e+03 2.600000000000000000e+01
2.286000000000000000e+03 6.600000000000000000e+01
2.312000000000000000e+03 5.000000000000000000e+00
2.341000000000000000e+03 7.300000000000000000e+01
2.530000000000000000e+03 4.900000000000000000e+01
2.641000000000000000e+03 2.400000000000000000e+01
2.776000000000000000e+03 5.500000000000000000e+01
2.839000000000000000e+03 6.900000000000000000e+01
