8.200000000000000000e+01 3.300000000000000000e+01
1.200000000000000000e+02 4.100000000000000000e+01
1.220000000000000000e+02 2.900000000000000000e+01
1.620000000000000000e+02 8.400000000000000000e+01
2.410000000000000000e+02 9.500000000000000000e+01
2.710000000000000000e+02 5.100000000000000000e+01
3.110000000000000000e+02 9.600000000000000000e+01
3.390000000000000000e+02 7.400000000000000000e+01
4.190000000000000000e+02 6.400000000000000000e+01
8.240000000000000000e+02 5.200000000000000000e+01
1.135000000000000000e+03 1.600000000000000000e+01
1.267000000000000000e+03 1.800000000000000000e+01
1.288000000000000000e+03 8.600000000000000000e+01
1.335000000000000000e+03 4.100000000000000000e+01
1.472000000000000000e+03 3.400000000000000000e+01
1.605000000000000000e+03 9.300000000000000000e+01
1.621000000000000000e+03 5.200000000000000000e+01
1.713000000000000000e+03 1.000000000000000000e+00
1.768000000000000000e+03 2.000000000000000000e+00
1.773000000000000000e+03 6.900000000000000000e+01
1.923000000000000000e+03 6.100000000000000000e+01
2.069000000000000000e+03 1.300000000000000000e+01
2.131000000000000000e+03 8.100000000000000000e+01
2.154000000000000000e+03 3.000000000000000000e+00
2.207000000000000000e+03 4.400000000000000000e+01
2.233000000000000000e+03 8.300000000000000000e+01
2.442000000000000000e+03 7.500000000000000000e+01
2.443000000000000000e+03 7.200000000000000000e+01
2.453000000000000000e+03 8.000000000000000000e+01
2.471000000000000000e+03 2.200000000000000000e+01
2.604000000000000000e+03 8.600000000000000000e+01
2.628000000000000000e+03 9.800000000000000000e+01
2.893000000000000000e+03 2.400000000000000000e+01
3.145000000000000000e+03 7.700000000000000000e+01
3.356000000000000000e+03 5.100000000000000000e+01
3.366000000000000000e+03 2.900000000000000000e+01
