1.200000000000000000e+01 1.600000000000000000e+01
2.700000000000000000e+01 2.800000000000000000e+01
1.350000000000000000e+02 6.100000000000000000e+01
1.570000000000000000e+02 8.200000000000000000e+01
1.690000000000000000e+02 2.500000000000000000e+01
2.040000000000000000e+02 4.300000000000000000e+01
2.270000000000000000e+02 2.000000000000000000e+00
2.760000000000000000e+02 5.500000000000000000e+01
3.970000000000000000e+02 2.100000000000000000e+01
4.020000000000000000e+02 7.400000000000000000e+01
4.220000000000000000e+02 2.500000000000000000e+01
5.100000000000000000e+02 9.900000000000000000e+01
5.910000000000000000e+02 2.100000000000000000e+01
9.450000000000000000e+02 2.300000000000000000e+01
1.150000000000000000e+03 5.800000000000000000e+01
1.151000000000000000e+03 4.400000000000000000e+01
1.309000000000000000e+03 4.200000000000000000e+01
1.635000000000000000e+03 1.500000000000000000e+01
1.930000000000000000e+03 4.700000000000000000e+01
2.104000000000000000e+03 9.000000000000000000e+01
2.525000000000000000e+03 3.900000000000000000e+01
2.699000000000000000e+03 7.900000000000000000e+01
2.781000000000000000e+03 9.700000000000000000e+01
2.855000000000000000e+03 9.400000000000000000e+01
2.862000000000000000e+03 3.700000000000000000e+01
2.951000000000000000e+03 3.200000000000000000e+01
3.055000000000000000e+03 4.500000000000000000e+01
3.270000000000000000e+03 6.300000000000000000e+01
3.314000000000000000e+03 4.500000000000000000e+01
3.546000000000000000e+03 6.500000000000000000e+01
3.629000000000000000e+03 1.000000000000000000e+00
3.722000000000000000e+03 8.900000000000000000e+01
3.958000000000000000e+03 4.800000000000000000e+01
4.033000000000000000e+03 4.400000000000000000e+01
4.060000000000000000e+03 3.400000000000000000e+01
4.069000000000000000e+03 5.300000000000000000e+01
