4.150000000000000000e+02 6.900000000000000000e+01
6.080000000000000000e+02 9.200000000000000000e+01
6.170000000000000000e+02 5.200000000000000000e+01
7.560000000000000000e+02 5.100000000000000000e+01
7.610000000000000000e+02 1.600000000000000000e+01
8.940000000000000000e+02 1.700000000000000000e+01
9.250000000000000000e+02 9.500000000000000000e+01
1.069000000000000000e+03 7.800000000000000000e+01
1.096000000000000000e+03 3.200000000000000000e+01
1.105000000000000000e+03 2.100000000000000000e+01
1.263000000000000000e+03 1.700000000000000000e+01
1.284000000000000000e+03 1.000000000000000000e+00
1.297000000000000000e+03 9.100000000000000000e+01
1.316000000000000000e+03 5.300000000000000000e+01
1.339000000000000000e+03 9.000000000000000000e+00
1.348000000000000000e+03 6.000000000000000000e+00
1.411000000000000000e+03 4.100000000000000000e+01
1.663000000000000000e+03 7.900000000000000000e+01
1.755000000000000000e+03 9.600000000000000000e+01
2.288000000000000000e+03 3.800000000000000000e+01
2.360000000000000000e+03 2.500000000000000000e+01
2.625000000000000000e+03 4.000000000000000000e+00
2.813000000000000000e+03 8.800000000000000000e+01
