6.000000000000000000e+00 6.000000000000000000e+01
7.800000000000000000e+01 4.100000000000000000e+01
1.420000000000000000e+02 5.400000000000000000e+01
2.490000000000000000e+02 1.700000000000000000e+01
3.110000000000000000e+02 7.000000000000000000e+00
3.690000000000000000e+02 1.100000000000000000e+01
7.060000000000000000e+02 6.700000000000000000e+01
8.470000000000000000e+02 2.900000000000000000e+01
9.750000000000000000e+02 2.500000000000000000e+01
1.087000000000000000e+03 2.000000000000000000e+00
1.399000000000000000e+03 7.500000000000000000e+01
1.496000000000000000e+03 9.000000000000000000e+01
1.618000000000000000e+03 3.600000000000000000e+01
1.804000000000000000e+03 6.400000000000000000e+01
1.813000000000000000e+03 1.200000000000000000e+01
1.915000000000000000e+03 4.600000000000000000e+01
1.968000000000000000e+03 3.700000000000000000e+01
2.239000000000000000e+03 8.900000000000000000e+01
2.260000000000000000e+03 4.600000000000000000e+01
2.367000000000000000e+03 2.700000000000000000e+01
2.385000000000000000e+03 3.700000000000000000e+01
2.603000000000000000e+03 5.000000000000000000e+01
2.706000000000000000e+03 7.200000000000000000e+01
