6.900000000000000000e+01 4.600000000000000000e+01
8.100000000000000000e+01 0.000000000000000000e+00
9.800000000000000000e+01 2.900000000000000000e+01
1.550000000000000000e+02 4.800000000000000000e+01
1.710000000000000000e+02 4.700000000000000000e+01
1.930000000000000000e+02 8.000000000000000000e+00
4.410000000000000000e+02 1.000000000000000000e+00
4.720000000000000000e+02 7.400000000000000000e+01
4.890000000000000000e+02 6.500000000000000000e+01
7.860000000000000000e+02 9.500000000000000000e+01
8.240000000000000000e+02 2.600000000000000000e+01
1.072000000000000000e+03 5.200000000000000000e+01
1.211000000000000000e+03 6.200000000000000000e+01
1.434000000000000000e+03 1.700000000000000000e+01
