2.000000000000000000e+01 3.100000000000000000e+01
4.900000000000000000e+01 9.100000000000000000e+01
2.910000000000000000e+02 7.000000000000000000e+01
5.020000000000000000e+02 4.700000000000000000e+01
5.730000000000000000e+02 3.000000000000000000e+00
6.840000000000000000e+02 2.900000000000000000e+01
9.650000000000000000e+02 3.000000000000000000e+01
1.188000000000000000e+03 9.100000000000000000e+01
1.255000000000000000e+03 2.700000000000000000e+01
1.261000000000000000e+03 8.600000000000000000e+01
1.261000000000000000e+03 8.200000000000000000e+01
1.297000000000000000e+03 2.200000000000000000e+01
1.334000000000000000e+03 2.300000000000000000e+01
1.410000000000000000e+03 2.000000000000000000e+00
1.410000000000000000e+03 6.800000000000000000e+01
1.636000000000000000e+03 4.100000000000000000e+01
1.638000000000000000e+03 8.800000000000000000e+01
1.666000000000000000e+03 4.400000000000000000e+01
1.786000000000000000e+03 1.600000000000000000e+01
1.857000000000000000e+03 1.300000000000000000e+01
1.890000000000000000e+03 3.600000000000000000e+01
2.081000000000000000e+03 4.400000000000000000e+01
2.116000000000000000e+03 3.700000000000000000e+01
2.173000000000000000e+03 9.600000000000000000e+01
2.252000000000000000e+03 4.100000000000000000e+01
2.575000000000000000e+03 4.300000000000000000e+01
