7.000000000000000000e+00 8.800000000000000000e+01
1.680000000000000000e+02 1.500000000000000000e+01
2.120000000000000000e+02 8.200000000000000000e+01
4.560000000000000000e+02 5.400000000000000000e+01
5.570000000000000000e+02 5.000000000000000000e+01
5.740000000000000000e+02 8.000000000000000000e+00
5.840000000000000000e+02 8.200000000000000000e+01
9.130000000000000000e+02 2.200000000000000000e+01
9.270000000000000000e+02 9.700000000000000000e+01
9.430000000000000000e+02 1.100000000000000000e+01
9.990000000000000000e+02 4.600000000000000000e+01
1.013000000000000000e+03 6.700000000000000000e+01
1.255000000000000000e+03 7.500000000000000000e+01
1.280000000000000000e+03 7.800000000000000000e+01
1.415000000000000000e+03 6.200000000000000000e+01
1.485000000000000000e+03 6.500000000000000000e+01
1.639000000000000000e+03 1.600000000000000000e+01
1.876000000000000000e+03 8.200000000000000000e+01
1.959000000000000000e+03 9.400000000000000000e+01
2.294000000000000000e+03 3.300000000000000000e+01
2.426000000000000000e+03 3.500000000000000000e+01
2.478000000000000000e+03 4.600000000000000000e+01
2.574000000000000000e+03 6.400000000000000000e+01
2.609000000000000000e+03 2.000000000000000000e+00
2.626000000000000000e+03 1.800000000000000000e+01
2.673000000000000000e+03 3.100000000000000000e+01
2.754000000000000000e+03 2.900000000000000000e+01
2.772000000000000000e+03 5.800000000000000000e+01
2.806000000000000000e+03 6.900000000000000000e+01
2.978000000000000000e+03 4.900000000000000000e+01
3.350000000000000000e+03 9.100000000000000000e+01
3.568000000000000000e+03 6.900000000000000000e+01
3.571000000000000000e+03 1.000000000000000000e+01
3.641000000000000000e+03 4.500000000000000000e+01
3.706000000000000000e+03 5.900000000000000000e+01
3.747000000000000000e+03 7.000000000000000000e+01
3.849000000000000000e+03 4.500000000000000000e+01
3.862000000000000000e+03 5.700000000000000000e+01
3.865000000000000000e+03 1.600000000000000000e+01
3.873000000000000000e+03 9.400000000000000000e+01
3.910000000000000000e+03 5.500000000000000000e+01
4.046000000000000000e+03 9.800000000000000000e+01
4.254000000000000000e+03 4.600000000000000000e+01
4.256000000000000000e+03 2.200000000000000000e+01
4.357000000000000000e+03 5.000000000000000000e+01
4.478000000000000000e+03 7.900000000000000000e+01
4.502000000000000000e+03 3.400000000000000000e+01
