3.210000000000000000e+02 2.600000000000000000e+01
4.020000000000000000e+02 8.600000000000000000e+01
4.380000000000000000e+02 4.500000000000000000e+01
4.670000000000000000e+02 8.300000000000000000e+01
6.080000000000000000e+02 9.000000000000000000e+01
6.100000000000000000e+02 8.100000000000000000e+01
7.080000000000000000e+02 7.200000000000000000e+01
8.370000000000000000e+02 3.300000000000000000e+01
1.023000000000000000e+03 4.000000000000000000e+00
1.120000000000000000e+03 6.400000000000000000e+01
1.298000000000000000e+03 4.500000000000000000e+01
1.393000000000000000e+03 3.500000000000000000e+01
1.426000000000000000e+03 3.600000000000000000e+01
1.484000000000000000e+03 4.700000000000000000e+01
1.514000000000000000e+03 4.400000000000000000e+01
1.725000000000000000e+03 2.500000000000000000e+01
1.805000000000000000e+03 1.000000000000000000e+00
1.844000000000000000e+03 9.900000000000000000e+01
1.953000000000000000e+03 7.000000000000000000e+00
