1.870000000000000000e+02 9.800000000000000000e+01
2.060000000000000000e+02 4.000000000000000000e+01
5.520000000000000000e+02 8.000000000000000000e+01
5.860000000000000000e+02 3.600000000000000000e+01
9.040000000000000000e+02 8.300000000000000000e+01
9.570000000000000000e+02 6.500000000000000000e+01
1.036000000000000000e+03 7.900000000000000000e+01
1.051000000000000000e+03 3.500000000000000000e+01
1.213000000000000000e+03 6.800000000000000000e+01
1.609000000000000000e+03 7.100000000000000000e+01
1.620000000000000000e+03 8.000000000000000000e+00
1.820000000000000000e+03 0.000000000000000000e+00
1.886000000000000000e+03 3.300000000000000000e+01
2.294000000000000000e+03 1.800000000000000000e+01
2.556000000000000000e+03 6.900000000000000000e+01
2.794000000000000000e+03 3.500000000000000000e+01
2.855000000000000000e+03 9.600000000000000000e+01
2.988000000000000000e+03 8.300000000000000000e+01
3.037000000000000000e+03 1.300000000000000000e+01
3.075000000000000000e+03 4.800000000000000000e+01
3.428000000000000000e+03 4.800000000000000000e+01
3.528000000000000000e+03 6.700000000000000000e+01
3.607000000000000000e+03 2.500000000000000000e+01
3.642000000000000000e+03 8.400000000000000000e+01
3.684000000000000000e+03 8.700000000000000000e+01
3.754000000000000000e+03 1.300000000000000000e+01
3.761000000000000000e+03 8.000000000000000000e+00
3.827000000000000000e+03 9.000000000000000000e+00
3.836000000000000000e+03 5.500000000000000000e+01
3.882000000000000000e+03 1.000000000000000000e+01
4.103000000000000000e+03 4.500000000000000000e+01
4.103000000000000000e+03 2.900000000000000000e+01
4.105000000000000000e+03 4.700000000000000000e+01
4.276000000000000000e+03 6.300000000000000000e+01
4.339000000000000000e+03 8.500000000000000000e+01
4.374000000000000000e+03 8.000000000000000000e+00
4.375000000000000000e+03 5.800000000000000000e+01
4.450000000000000000e+03 2.700000000000000000e+01
4.473000000000000000e+03 3.800000000000000000e+01
4.531000000000000000e+03 4.800000000000000000e+01
4.585000000000000000e+03 3.100000000000000000e+01
4.629000000000000000e+03 3.300000000000000000e+01
4.637000000000000000e+03 6.100000000000000000e+01
4.658000000000000000e+03 7.000000000000000000e+00
4.832000000000000000e+03 4.300000000000000000e+01
4.919000000000000000e+03 4.600000000000000000e+01
4.931000000000000000e+03 4.200000000000000000e+01
