4.240000000000000000e+02 5.800000000000000000e+01
4.900000000000000000e+02 9.300000000000000000e+01
6.470000000000000000e+02 2.600000000000000000e+01
6.480000000000000000e+02 1.000000000000000000e+01
6.770000000000000000e+02 4.800000000000000000e+01
7.000000000000000000e+02 5.200000000000000000e+01
7.610000000000000000e+02 2.800000000000000000e+01
9.050000000000000000e+02 7.300000000000000000e+01
1.058000000000000000e+03 7.800000000000000000e+01
1.297000000000000000e+03 9.600000000000000000e+01
1.347000000000000000e+03 6.800000000000000000e+01
1.406000000000000000e+03 4.600000000000000000e+01
1.422000000000000000e+03 9.000000000000000000e+00
1.495000000000000000e+03 7.000000000000000000e+00
1.653000000000000000e+03 4.800000000000000000e+01
1.685000000000000000e+03 7.900000000000000000e+01
1.814000000000000000e+03 2.900000000000000000e+01
1.917000000000000000e+03 1.400000000000000000e+01
1.962000000000000000e+03 4.200000000000000000e+01
1.981000000000000000e+03 5.200000000000000000e+01
2.019000000000000000e+03 6.000000000000000000e+00
2.033000000000000000e+03 9.900000000000000000e+01
2.067000000000000000e+03 7.400000000000000000e+01
2.092000000000000000e+03 7.200000000000000000e+01
2.108000000000000000e+03 1.800000000000000000e+01
2.161000000000000000e+03 9.300000000000000000e+01
2.168000000000000000e+03 1.500000000000000000e+01
2.203000000000000000e+03 5.900000000000000000e+01
2.585000000000000000e+03 7.700000000000000000e+01
2.746000000000000000e+03 4.400000000000000000e+01
2.832000000000000000e+03 2.900000000000000000e+01
2.931000000000000000e+03 1.000000000000000000e+01
2.968000000000000000e+03 2.300000000000000000e+01
3.018000000000000000e+03 6.000000000000000000e+01
3.082000000000000000e+03 8.000000000000000000e+00
3.296000000000000000e+03 5.500000000000000000e+01
3.584000000000000000e+03 9.900000000000000000e+01
3.670000000000000000e+03 9.900000000000000000e+01
3.724000000000000000e+03 3.200000000000000000e+01
