1.090000000000000000e+02 1.600000000000000000e+01
3.540000000000000000e+02 8.900000000000000000e+01
4.290000000000000000e+02 1.700000000000000000e+01
5.600000000000000000e+02 8.000000000000000000e+01
5.890000000000000000e+02 9.000000000000000000e+01
6.030000000000000000e+02 8.600000000000000000e+01
6.810000000000000000e+02 3.700000000000000000e+01
1.320000000000000000e+03 4.500000000000000000e+01
1.325000000000000000e+03 2.300000000000000000e+01
1.330000000000000000e+03 6.400000000000000000e+01
1.372000000000000000e+03 9.700000000000000000e+01
1.439000000000000000e+03 1.600000000000000000e+01
1.534000000000000000e+03 7.300000000000000000e+01
1.556000000000000000e+03 7.000000000000000000e+00
1.601000000000000000e+03 2.800000000000000000e+01
1.628000000000000000e+03 9.500000000000000000e+01
1.670000000000000000e+03 3.100000000000000000e+01
1.672000000000000000e+03 2.500000000000000000e+01
1.685000000000000000e+03 1.400000000000000000e+01
1.756000000000000000e+03 4.200000000000000000e+01
1.756000000000000000e+03 3.300000000000000000e+01
2.087000000000000000e+03 3.500000000000000000e+01
2.102000000000000000e+03 9.200000000000000000e+01
2.272000000000000000e+03 3.200000000000000000e+01
2.469000000000000000e+03 3.400000000000000000e+01
2.508000000000000000e+03 3.800000000000000000e+01
2.522000000000000000e+03 9.200000000000000000e+01
2.681000000000000000e+03 3.900000000000000000e+01
2.794000000000000000e+03 4.200000000000000000e+01
2.801000000000000000e+03 3.900000000000000000e+01
2.813000000000000000e+03 6.100000000000000000e+01
2.839000000000000000e+03 3.000000000000000000e+01
3.016000000000000000e+03 9.800000000000000000e+01
3.077000000000000000e+03 8.500000000000000000e+01
3.135000000000000000e+03 5.300000000000000000e+01
3.276000000000000000e+03 8.700000000000000000e+01
3.313000000000000000e+03 8.000000000000000000e+00
3.327000000000000000e+03 7.100000000000000000e+01
3.537000000000000000e+03 7.900000000000000000e+01
3.569000000000000000e+03 1.800000000000000000e+01
3.730000000000000000e+03 2.300000000000000000e+01
3.765000000000000000e+03 2.300000000000000000e+01
3.850000000000000000e+03 7.800000000000000000e+01
4.066000000000000000e+03 5.200000000000000000e+01
4.135000000000000000e+03 1.000000000000000000e+01
4.177000000000000000e+03 6.600000000000000000e+01
