3.850000000000000000e+02 5.300000000000000000e+01
4.540000000000000000e+02 5.400000000000000000e+01
7.690000000000000000e+02 4.700000000000000000e+01
9.160000000000000000e+02 6.400000000000000000e+01
9.790000000000000000e+02 7.800000000000000000e+01
1.079000000000000000e+03 4.300000000000000000e+01
1.094000000000000000e+03 4.600000000000000000e+01
1.152000000000000000e+03 1.200000000000000000e+01
1.181000000000000000e+03 5.000000000000000000e+01
1.384000000000000000e+03 4.700000000000000000e+01
1.534000000000000000e+03 5.700000000000000000e+01
1.612000000000000000e+03 4.000000000000000000e+00
1.628000000000000000e+03 1.400000000000000000e+01
1.643000000000000000e+03 7.300000000000000000e+01
1.675000000000000000e+03 8.500000000000000000e+01
1.678000000000000000e+03 2.500000000000000000e+01
1.721000000000000000e+03 4.500000000000000000e+01
1.799000000000000000e+03 8.200000000000000000e+01
1.829000000000000000e+03 2.100000000000000000e+01
1.901000000000000000e+03 6.900000000000000000e+01
2.123000000000000000e+03 7.000000000000000000e+00
