5.800000000000000000e+01 8.000000000000000000e+01
3.050000000000000000e+02 1.600000000000000000e+01
4.180000000000000000e+02 5.400000000000000000e+01
4.690000000000000000e+02 8.000000000000000000e+01
9.320000000000000000e+02 4.600000000000000000e+01
1.017000000000000000e+03 2.800000000000000000e+01
1.047000000000000000e+03 8.300000000000000000e+01
1.381000000000000000e+03 5.300000000000000000e+01
1.399000000000000000e+03 4.200000000000000000e+01
1.524000000000000000e+03 6.500000000000000000e+01
1.566000000000000000e+03 5.000000000000000000e+00
1.581000000000000000e+03 3.800000000000000000e+01
1.864000000000000000e+03 7.000000000000000000e+01
1.952000000000000000e+03 9.500000000000000000e+01
1.984000000000000000e+03 9.200000000000000000e+01
2.004000000000000000e+03 1.700000000000000000e+01
2.177000000000000000e+03 8.400000000000000000e+01
2.200000000000000000e+03 9.000000000000000000e+00
2.202000000000000000e+03 6.200000000000000000e+01
2.242000000000000000e+03 5.200000000000000000e+01
2.249000000000000000e+03 5.700000000000000000e+01
2.260000000000000000e+03 6.400000000000000000e+01
2.327000000000000000e+03 6.500000000000000000e+01
2.842000000000000000e+03 8.100000000000000000e+01
2.859000000000000000e+03 5.400000000000000000e+01
2.959000000000000000e+03 8.400000000000000000e+01
3.147000000000000000e+03 3.200000000000000000e+01
3.354000000000000000e+03 7.300000000000000000e+01
3.554000000000000000e+03 5.600000000000000000e+01
3.561000000000000000e+03 2.200000000000000000e+01
3.614000000000000000e+03 7.300000000000000000e+01
3.669000000000000000e+03 8.000000000000000000e+00
3.688000000000000000e+03 8.400000000000000000e+01
3.730000000000000000e+03 6.400000000000000000e+01
