2.360000000000000000e+02 7.700000000000000000e+01
3.330000000000000000e+02 5.900000000000000000e+01
4.590000000000000000e+02 4.300000000000000000e+01
4.680000000000000000e+02 4.600000000000000000e+01
4.850000000000000000e+02 5.400000000000000000e+01
5.290000000000000000e+02 7.500000000000000000e+01
5.350000000000000000e+02 2.100000000000000000e+01
7.540000000000000000e+02 8.300000000000000000e+01
7.990000000000000000e+02 9.600000000000000000e+01
8.390000000000000000e+02 6.900000000000000000e+01
1.342000000000000000e+03 9.500000000000000000e+01
1.349000000000000000e+03 9.900000000000000000e+01
1.698000000000000000e+03 7.800000000000000000e+01
1.821000000000000000e+03 9.700000000000000000e+01
1.852000000000000000e+03 9.400000000000000000e+01
1.964000000000000000e+03 3.200000000000000000e+01
2.089000000000000000e+03 4.100000000000000000e+01
2.157000000000000000e+03 7.300000000000000000e+01
2.194000000000000000e+03 7.000000000000000000e+01
2.244000000000000000e+03 4.900000000000000000e+01
2.496000000000000000e+03 6.800000000000000000e+01
2.588000000000000000e+03 8.300000000000000000e+01
2.600000000000000000e+03 9.600000000000000000e+01
2.693000000000000000e+03 7.000000000000000000e+00
2.732000000000000000e+03 9.100000000000000000e+01
2.916000000000000000e+03 8.400000000000000000e+01
2.921000000000000000e+03 9.100000000000000000e+01
2.987000000000000000e+03 7.900000000000000000e+01
3.116000000000000000e+03 1.900000000000000000e+01
3.487000000000000000e+03 1.600000000000000000e+01
3.599000000000000000e+03 7.000000000000000000e+00
3.603000000000000000e+03 1.000000000000000000e+01
3.962000000000000000e+03 4.500000000000000000e+01
4.054000000000000000e+03 2.100000000000000000e+01
4.060000000000000000e+03 8.900000000000000000e+01
4.152000000000000000e+03 7.900000000000000000e+01
4.219000000000000000e+03 6.200000000000000000e+01
4.270000000000000000e+03 6.300000000000000000e+01
4.561000000000000000e+03 4.300000000000000000e+01
4.951000000000000000e+03 3.300000000000000000e+01
5.359000000000000000e+03 2.000000000000000000e+01
