1.500000000000000000e+01 9.400000000000000000e+01
1.390000000000000000e+02 9.100000000000000000e+01
2.360000000000000000e+02 1.200000000000000000e+01
3.420000000000000000e+02 3.200000000000000000e+01
3.660000000000000000e+02 9.400000000000000000e+01
3.950000000000000000e+02 6.900000000000000000e+01
4.950000000000000000e+02 9.800000000000000000e+01
5.660000000000000000e+02 9.500000000000000000e+01
6.190000000000000000e+02 9.700000000000000000e+01
8.180000000000000000e+02 7.300000000000000000e+01
8.700000000000000000e+02 5.500000000000000000e+01
9.560000000000000000e+02 1.900000000000000000e+01
1.052000000000000000e+03 1.100000000000000000e+01
1.253000000000000000e+03 9.700000000000000000e+01
1.342000000000000000e+03 7.100000000000000000e+01
1.358000000000000000e+03 4.000000000000000000e+01
1.369000000000000000e+03 2.200000000000000000e+01
1.383000000000000000e+03 9.000000000000000000e+01
1.617000000000000000e+03 0.000000000000000000e+00
1.804000000000000000e+03 9.100000000000000000e+01
1.852000000000000000e+03 6.600000000000000000e+01
2.157000000000000000e+03 9.000000000000000000e+00
2.326000000000000000e+03 6.200000000000000000e+01
