1.080000000000000000e+02 1.200000000000000000e+01
2.540000000000000000e+02 8.500000000000000000e+01
5.440000000000000000e+02 1.100000000000000000e+01
7.660000000000000000e+02 6.000000000000000000e+01
7.820000000000000000e+02 5.600000000000000000e+01
7.960000000000000000e+02 6.400000000000000000e+01
9.110000000000000000e+02 6.000000000000000000e+00
9.380000000000000000e+02 6.100000000000000000e+01
1.004000000000000000e+03 5.600000000000000000e+01
1.065000000000000000e+03 4.000000000000000000e+01
1.113000000000000000e+03 4.500000000000000000e+01
1.178000000000000000e+03 1.600000000000000000e+01
1.186000000000000000e+03 5.000000000000000000e+00
1.341000000000000000e+03 5.100000000000000000e+01
1.723000000000000000e+03 9.600000000000000000e+01
1.734000000000000000e+03 7.400000000000000000e+01
1.786000000000000000e+03 8.600000000000000000e+01
2.014000000000000000e+03 9.500000000000000000e+01
2.332000000000000000e+03 4.900000000000000000e+01
2.724000000000000000e+03 4.600000000000000000e+01
2.760000000000000000e+03 3.200000000000000000e+01
2.770000000000000000e+03 3.800000000000000000e+01
2.824000000000000000e+03 6.700000000000000000e+01
3.036000000000000000e+03 8.800000000000000000e+01
3.134000000000000000e+03 6.200000000000000000e+01
3.199000000000000000e+03 8.800000000000000000e+01
3.219000000000000000e+03 2.300000000000000000e+01
3.605000000000000000e+03 3.800000000000000000e+01
4.093000000000000000e+03 1.700000000000000000e+01
4.376000000000000000e+03 8.200000000000000000e+01
4.422000000000000000e+03 2.200000000000000000e+01
4.609000000000000000e+03 1.400000000000000000e+01
5.315000000000000000e+03 2.600000000000000000e+01
5.335000000000000000e+03 9.200000000000000000e+01
5.335000000000000000e+03 3.000000000000000000e+00
5.411000000000000000e+03 2.800000000000000000e+01
