8.100000000000000000e+01 3.400000000000000000e+01
1.040000000000000000e+02 3.900000000000000000e+01
4.760000000000000000e+02 2.200000000000000000e+01
4.870000000000000000e+02 6.500000000000000000e+01
5.650000000000000000e+02 7.200000000000000000e+01
5.950000000000000000e+02 2.200000000000000000e+01
6.320000000000000000e+02 5.800000000000000000e+01
6.650000000000000000e+02 5.600000000000000000e+01
6.750000000000000000e+02 5.400000000000000000e+01
7.470000000000000000e+02 4.200000000000000000e+01
8.150000000000000000e+02 6.800000000000000000e+01
9.550000000000000000e+02 8.900000000000000000e+01
9.810000000000000000e+02 1.200000000000000000e+01
1.043000000000000000e+03 3.000000000000000000e+01
1.091000000000000000e+03 4.100000000000000000e+01
1.131000000000000000e+03 1.900000000000000000e+01
1.283000000000000000e+03 8.400000000000000000e+01
1.306000000000000000e+03 6.900000000000000000e+01
1.422000000000000000e+03 3.000000000000000000e+01
1.652000000000000000e+03 3.700000000000000000e+01
1.744000000000000000e+03 6.400000000000000000e+01
1.745000000000000000e+03 3.000000000000000000e+01
1.747000000000000000e+03 5.300000000000000000e+01
1.853000000000000000e+03 7.000000000000000000e+01
1.887000000000000000e+03 5.500000000000000000e+01
1.975000000000000000e+03 4.500000000000000000e+01
2.104000000000000000e+03 7.400000000000000000e+01
2.519000000000000000e+03 9.200000000000000000e+01
2.643000000000000000e+03 1.400000000000000000e+01
2.727000000000000000e+03 7.100000000000000000e+01
2.881000000000000000e+03 1.400000000000000000e+01
2.912000000000000000e+03 4.400000000000000000e+01
3.096000000000000000e+03 2.000000000000000000e+01
