4.000000000000000000e+00 2.700000000000000000e+01
3.680000000000000000e+02 6.000000000000000000e+01
4.120000000000000000e+02 2.800000000000000000e+01
5.330000000000000000e+02 1.400000000000000000e+01
5.510000000000000000e+02 5.100000000000000000e+01
5.650000000000000000e+02 4.000000000000000000e+01
6.220000000000000000e+02 4.000000000000000000e+01
6.290000000000000000e+02 9.200000000000000000e+01
6.500000000000000000e+02 1.400000000000000000e+01
6.700000000000000000e+02 6.300000000000000000e+01
7.210000000000000000e+02 5.800000000000000000e+01
1.172000000000000000e+03 2.700000000000000000e+01
1.200000000000000000e+03 7.900000000000000000e+01
1.364000000000000000e+03 6.200000000000000000e+01
1.377000000000000000e+03 5.500000000000000000e+01
1.459000000000000000e+03 1.700000000000000000e+01
1.583000000000000000e+03 7.900000000000000000e+01
1.610000000000000000e+03 9.000000000000000000e+01
1.619000000000000000e+03 3.600000000000000000e+01
1.672000000000000000e+03 1.000000000000000000e+01
1.977000000000000000e+03 6.000000000000000000e+01
2.013000000000000000e+03 9.900000000000000000e+01
2.027000000000000000e+03 9.500000000000000000e+01
