8.300000000000000000e+01 1.500000000000000000e+01
1.770000000000000000e+02 1.000000000000000000e+01
1.790000000000000000e+02 6.200000000000000000e+01
2.780000000000000000e+02 7.000000000000000000e+00
3.580000000000000000e+02 8.500000000000000000e+01
3.930000000000000000e+02 7.300000000000000000e+01
4.110000000000000000e+02 9.800000000000000000e+01
6.750000000000000000e+02 5.700000000000000000e+01
6.760000000000000000e+02 3.200000000000000000e+01
7.150000000000000000e+02 3.200000000000000000e+01
7.560000000000000000e+02 1.500000000000000000e+01
7.890000000000000000e+02 7.900000000000000000e+01
1.075000000000000000e+03 4.800000000000000000e+01
1.092000000000000000e+03 6.000000000000000000e+01
1.119000000000000000e+03 5.800000000000000000e+01
1.287000000000000000e+03 3.700000000000000000e+01
1.439000000000000000e+03 2.800000000000000000e+01
1.639000000000000000e+03 3.800000000000000000e+01
1.765000000000000000e+03 7.500000000000000000e+01
1.775000000000000000e+03 2.100000000000000000e+01
1.818000000000000000e+03 4.300000000000000000e+01
2.156000000000000000e+03 9.500000000000000000e+01
2.405000000000000000e+03 7.700000000000000000e+01
2.480000000000000000e+03 6.000000000000000000e+01
2.485000000000000000e+03 9.000000000000000000e+00
2.646000000000000000e+03 5.300000000000000000e+01
2.655000000000000000e+03 5.000000000000000000e+00
2.667000000000000000e+03 8.300000000000000000e+01
2.667000000000000000e+03 7.800000000000000000e+01
2.693000000000000000e+03 6.600000000000000000e+01
2.726000000000000000e+03 8.700000000000000000e+01
2.732000000000000000e+03 8.200000000000000000e+01
2.820000000000000000e+03 2.100000000000000000e+01
3.092000000000000000e+03 9.900000000000000000e+01
3.144000000000000000e+03 6.400000000000000000e+01
3.206000000000000000e+03 7.800000000000000000e+01
3.224000000000000000e+03 2.700000000000000000e+01
3.650000000000000000e+03 9.100000000000000000e+01
4.053000000000000000e+03 1.100000000000000000e+01
4.104000000000000000e+03 3.900000000000000000e+01
4.174000000000000000e+03 9.800000000000000000e+01
4.326000000000000000e+03 8.400000000000000000e+01
4.339000000000000000e+03 4.900000000000000000e+01
4.420000000000000000e+03 2.000000000000000000e+01
