1.500000000000000000e+01 2.800000000000000000e+01
8.300000000000000000e+01 1.200000000000000000e+01
1.780000000000000000e+02 4.900000000000000000e+01
4.720000000000000000e+02 3.300000000000000000e+01
5.050000000000000000e+02 3.500000000000000000e+01
5.160000000000000000e+02 3.000000000000000000e+00
5.370000000000000000e+02 5.700000000000000000e+01
5.410000000000000000e+02 8.900000000000000000e+01
5.760000000000000000e+02 8.000000000000000000e+00
6.160000000000000000e+02 4.400000000000000000e+01
7.610000000000000000e+02 2.400000000000000000e+01
7.920000000000000000e+02 6.600000000000000000e+01
1.044000000000000000e+03 1.000000000000000000e+00
1.076000000000000000e+03 2.700000000000000000e+01
1.269000000000000000e+03 2.300000000000000000e+01
1.311000000000000000e+03 0.000000000000000000e+00
1.329000000000000000e+03 9.200000000000000000e+01
1.366000000000000000e+03 8.000000000000000000e+01
1.454000000000000000e+03 1.200000000000000000e+01
1.482000000000000000e+03 3.000000000000000000e+01
1.721000000000000000e+03 5.200000000000000000e+01
2.336000000000000000e+03 8.400000000000000000e+01
2.337000000000000000e+03 7.800000000000000000e+01
2.361000000000000000e+03 1.400000000000000000e+01
2.416000000000000000e+03 8.000000000000000000e+01
2.603000000000000000e+03 7.500000000000000000e+01
2.663000000000000000e+03 2.800000000000000000e+01
2.939000000000000000e+03 6.200000000000000000e+01
2.960000000000000000e+03 7.400000000000000000e+01
3.210000000000000000e+03 6.000000000000000000e+00
3.362000000000000000e+03 6.200000000000000000e+01
3.558000000000000000e+03 3.100000000000000000e+01
