1.800000000000000000e+01 7.200000000000000000e+01
8.900000000000000000e+01 8.600000000000000000e+01
1.210000000000000000e+02 8.200000000000000000e+01
2.830000000000000000e+02 1.400000000000000000e+01
4.910000000000000000e+02 5.900000000000000000e+01
5.160000000000000000e+02 6.800000000000000000e+01
6.870000000000000000e+02 4.600000000000000000e+01
8.990000000000000000e+02 6.000000000000000000e+00
9.320000000000000000e+02 2.900000000000000000e+01
9.910000000000000000e+02 1.700000000000000000e+01
1.307000000000000000e+03 8.400000000000000000e+01
1.331000000000000000e+03 5.000000000000000000e+01
1.341000000000000000e+03 8.200000000000000000e+01
1.426000000000000000e+03 3.000000000000000000e+00
1.638000000000000000e+03 8.700000000000000000e+01
1.706000000000000000e+03 3.200000000000000000e+01
1.713000000000000000e+03 5.300000000000000000e+01
1.768000000000000000e+03 1.800000000000000000e+01
