4.600000000000000000e+01 3.000000000000000000e+00
1.040000000000000000e+02 6.300000000000000000e+01
2.110000000000000000e+02 3.600000000000000000e+01
4.640000000000000000e+02 1.100000000000000000e+01
4.840000000000000000e+02 7.000000000000000000e+00
4.970000000000000000e+02 1.000000000000000000e+01
5.310000000000000000e+02 7.300000000000000000e+01
5.930000000000000000e+02 6.100000000000000000e+01
6.530000000000000000e+02 6.300000000000000000e+01
6.780000000000000000e+02 7.200000000000000000e+01
6.950000000000000000e+02 4.400000000000000000e+01
9.020000000000000000e+02 1.400000000000000000e+01
1.099000000000000000e+03 5.000000000000000000e+01
1.127000000000000000e+03 9.700000000000000000e+01
1.177000000000000000e+03 8.100000000000000000e+01
1.215000000000000000e+03 8.600000000000000000e+01
1.309000000000000000e+03 2.700000000000000000e+01
1.725000000000000000e+03 3.300000000000000000e+01
1.756000000000000000e+03 9.200000000000000000e+01
1.913000000000000000e+03 1.500000000000000000e+01
1.938000000000000000e+03 4.100000000000000000e+01
2.127000000000000000e+03 3.400000000000000000e+01
2.139000000000000000e+03 7.900000000000000000e+01
2.232000000000000000e+03 1.000000000000000000e+00
2.316000000000000000e+03 2.200000000000000000e+01
2.368000000000000000e+03 5.300000000000000000e+01
2.536000000000000000e+03 5.600000000000000000e+01
2.582000000000000000e+03 3.500000000000000000e+01
3.153000000000000000e+03 2.400000000000000000e+01
3.172000000000000000e+03 7.700000000000000000e+01
