4.600000000000000000e+01 1.300000000000000000e+01
1.610000000000000000e+02 4.700000000000000000e+01
2.240000000000000000e+02 2.700000000000000000e+01
2.300000000000000000e+02 7.600000000000000000e+01
5.370000000000000000e+02 2.600000000000000000e+01
6.510000000000000000e+02 8.600000000000000000e+01
7.310000000000000000e+02 9.700000000000000000e+01
9.400000000000000000e+02 6.300000000000000000e+01
1.231000000000000000e+03 7.400000000000000000e+01
1.630000000000000000e+03 2.200000000000000000e+01
1.673000000000000000e+03 8.700000000000000000e+01
1.733000000000000000e+03 4.800000000000000000e+01
2.232000000000000000e+03 7.000000000000000000e+00
2.259000000000000000e+03 6.100000000000000000e+01
2.261000000000000000e+03 2.000000000000000000e+00
2.286000000000000000e+03 3.400000000000000000e+01
2.351000000000000000e+03 2.100000000000000000e+01
2.408000000000000000e+03 6.500000000000000000e+01
2.838000000000000000e+03 3.800000000000000000e+01
2.917000000000000000e+03 3.200000000000000000e+01
2.929000000000000000e+03 9.300000000000000000e+01
3.076000000000000000e+03 8.800000000000000000e+01
3.093000000000000000e+03 6.900000000000000000e+01
3.100000000000000000e+03 1.800000000000000000e+01
3.169000000000000000e+03 5.900000000000000000e+01
3.306000000000000000e+03 5.600000000000000000e+01
3.321000000000000000e+03 4.400000000000000000e+01
3.423000000000000000e+03 5.400000000000000000e+01
3.491000000000000000e+03 5.300000000000000000e+01
4.046000000000000000e+03 6.200000000000000000e+01
4.141000000000000000e+03 7.600000000000000000e+01
4.212000000000000000e+03 9.200000000000000000e+01
4.265000000000000000e+03 1.200000000000000000e+01
