2.090000000000000000e+02 8.000000000000000000e+01
4.240000000000000000e+02 4.300000000000000000e+01
6.930000000000000000e+02 4.100000000000000000e+01
7.880000000000000000e+02 7.300000000000000000e+01
8.120000000000000000e+02 9.100000000000000000e+01
8.890000000000000000e+02 9.500000000000000000e+01
1.171000000000000000e+03 7.100000000000000000e+01
1.236000000000000000e+03 4.800000000000000000e+01
1.509000000000000000e+03 9.000000000000000000e+00
1.539000000000000000e+03 2.000000000000000000e+00
1.585000000000000000e+03 1.300000000000000000e+01
1.670000000000000000e+03 9.900000000000000000e+01
1.745000000000000000e+03 7.300000000000000000e+01
1.797000000000000000e+03 5.600000000000000000e+01
1.851000000000000000e+03 6.500000000000000000e+01
1.866000000000000000e+03 9.600000000000000000e+01
1.929000000000000000e+03 7.700000000000000000e+01
2.101000000000000000e+03 2.300000000000000000e+01
2.357000000000000000e+03 1.900000000000000000e+01
2.538000000000000000e+03 2.500000000000000000e+01
2.821000000000000000e+03 4.200000000000000000e+01
2.918000000000000000e+03 4.600000000000000000e+01
2.978000000000000000e+03 4.400000000000000000e+01
3.005000000000000000e+03 2.900000000000000000e+01
3.061000000000000000e+03 2.100000000000000000e+01
3.086000000000000000e+03 5.500000000000000000e+01
3.148000000000000000e+03 8.100000000000000000e+01
