1.000000000000000000e+01 6.000000000000000000e+00
4.800000000000000000e+01 0.000000000000000000e+00
1.070000000000000000e+02 4.900000000000000000e+01
1.460000000000000000e+02 5.400000000000000000e+01
1.710000000000000000e+02 8.200000000000000000e+01
3.550000000000000000e+02 6.700000000000000000e+01
3.680000000000000000e+02 7.600000000000000000e+01
4.010000000000000000e+02 1.900000000000000000e+01
4.570000000000000000e+02 9.200000000000000000e+01
5.030000000000000000e+02 3.700000000000000000e+01
6.670000000000000000e+02 8.400000000000000000e+01
8.940000000000000000e+02 1.400000000000000000e+01
9.850000000000000000e+02 7.400000000000000000e+01
1.001000000000000000e+03 4.900000000000000000e+01
1.007000000000000000e+03 8.400000000000000000e+01
1.065000000000000000e+03 3.900000000000000000e+01
1.192000000000000000e+03 3.100000000000000000e+01
1.330000000000000000e+03 3.100000000000000000e+01
1.352000000000000000e+03 3.100000000000000000e+01
1.540000000000000000e+03 8.200000000000000000e+01
1.544000000000000000e+03 4.000000000000000000e+00
1.559000000000000000e+03 3.000000000000000000e+01
1.705000000000000000e+03 5.700000000000000000e+01
1.857000000000000000e+03 5.000000000000000000e+01
2.363000000000000000e+03 8.500000000000000000e+01
