5.000000000000000000e+00 3.300000000000000000e+01
1.800000000000000000e+01 2.700000000000000000e+01
1.160000000000000000e+02 3.200000000000000000e+01
2.510000000000000000e+02 3.400000000000000000e+01
4.710000000000000000e+02 3.800000000000000000e+01
4.880000000000000000e+02 6.500000000000000000e+01
5.810000000000000000e+02 6.100000000000000000e+01
1.170000000000000000e+03 7.900000000000000000e+01
1.185000000000000000e+03 2.700000000000000000e+01
1.310000000000000000e+03 5.700000000000000000e+01
2.009000000000000000e+03 3.500000000000000000e+01
2.067000000000000000e+03 8.400000000000000000e+01
