6.620000000000000000e+02 8.100000000000000000e+01
7.010000000000000000e+02 8.800000000000000000e+01
1.145000000000000000e+03 0.000000000000000000e+00
1.261000000000000000e+03 1.800000000000000000e+01
1.285000000000000000e+03 3.700000000000000000e+01
1.299000000000000000e+03 6.800000000000000000e+01
1.450000000000000000e+03 1.600000000000000000e+01
1.494000000000000000e+03 5.600000000000000000e+01
1.668000000000000000e+03 6.100000000000000000e+01
1.687000000000000000e+03 9.000000000000000000e+00
1.745000000000000000e+03 2.600000000000000000e+01
1.802000000000000000e+03 2.000000000000000000e+01
1.917000000000000000e+03 8.700000000000000000e+01
1.936000000000000000e+03 3.500000000000000000e+01
2.069000000000000000e+03 3.900000000000000000e+01
2.106000000000000000e+03 7.200000000000000000e+01
2.176000000000000000e+03 5.700000000000000000e+01
2.204000000000000000e+03 9.000000000000000000e+00
2.668000000000000000e+03 8.700000000000000000e+01
2.704000000000000000e+03 4.500000000000000000e+01
2.858000000000000000e+03 2.300000000000000000e+01
3.078000000000000000e+03 3.500000000000000000e+01
3.166000000000000000e+03 3.800000000000000000e+01
3.277000000000000000e+03 9.900000000000000000e+01
3.354000000000000000e+03 4.200000000000000000e+01
3.519000000000000000e+03 2.800000000000000000e+01
3.699000000000000000e+03 8.200000000000000000e+01
4.216000000000000000e+03 8.200000000000000000e+01
