2.700000000000000000e+01 9.000000000000000000e+00
3.000000000000000000e+01 9.600000000000000000e+01
1.380000000000000000e+02 4.000000000000000000e+00
1.840000000000000000e+02 7.000000000000000000e+01
7.170000000000000000e+02 4.600000000000000000e+01
7.280000000000000000e+02 7.000000000000000000e+01
7.650000000000000000e+02 9.500000000000000000e+01
7.770000000000000000e+02 2.200000000000000000e+01
9.250000000000000000e+02 6.600000000000000000e+01
1.220000000000000000e+03 4.500000000000000000e+01
1.243000000000000000e+03 4.100000000000000000e+01
1.359000000000000000e+03 7.300000000000000000e+01
1.417000000000000000e+03 2.600000000000000000e+01
1.440000000000000000e+03 2.400000000000000000e+01
1.601000000000000000e+03 2.200000000000000000e+01
1.673000000000000000e+03 2.900000000000000000e+01
1.764000000000000000e+03 3.800000000000000000e+01
1.848000000000000000e+03 9.800000000000000000e+01
