5.800000000000000000e+01 4.400000000000000000e+01
9.700000000000000000e+01 3.400000000000000000e+01
1.240000000000000000e+02 3.300000000000000000e+01
2.100000000000000000e+02 2.300000000000000000e+01
2.700000000000000000e+02 2.900000000000000000e+01
2.840000000000000000e+02 2.100000000000000000e+01
6.060000000000000000e+02 5.500000000000000000e+01
1.021000000000000000e+03 5.000000000000000000e+00
1.133000000000000000e+03 4.500000000000000000e+01
1.251000000000000000e+03 5.900000000000000000e+01
1.285000000000000000e+03 1.400000000000000000e+01
1.669000000000000000e+03 1.000000000000000000e+00
1.677000000000000000e+03 7.800000000000000000e+01
1.768000000000000000e+03 7.500000000000000000e+01
2.090000000000000000e+03 6.600000000000000000e+01
2.202000000000000000e+03 7.600000000000000000e+01
2.735000000000000000e+03 2.500000000000000000e+01
3.097000000000000000e+03 8.500000000000000000e+01
3.142000000000000000e+03 5.400000000000000000e+01
3.255000000000000000e+03 0.000000000000000000e+00
3.276000000000000000e+03 1.500000000000000000e+01
3.301000000000000000e+03 1.300000000000000000e+01
3.350000000000000000e+03 5.200000000000000000e+01
3.424000000000000000e+03 6.500000000000000000e+01
3.691000000000000000e+03 1.000000000000000000e+01
3.709000000000000000e+03 9.800000000000000000e+01
4.012000000000000000e+03 9.900000000000000000e+01
4.660000000000000000e+03 3.000000000000000000e+01
4.833000000000000000e+03 7.600000000000000000e+01
5.537000000000000000e+03 6.300000000000000000e+01
5.604000000000000000e+03 5.600000000000000000e+01
5.729000000000000000e+03 0.000000000000000000e+00
5.761000000000000000e+03 8.000000000000000000e+00
6.012000000000000000e+03 3.000000000000000000e+00
6.023000000000000000e+03 4.200000000000000000e+01
6.464000000000000000e+03 9.800000000000000000e+01
6.488000000000000000e+03 9.000000000000000000e+00
