5.400000000000000000e+01 4.600000000000000000e+01
1.140000000000000000e+02 5.500000000000000000e+01
1.630000000000000000e+02 1.400000000000000000e+01
2.700000000000000000e+02 1.000000000000000000e+01
3.380000000000000000e+02 4.800000000000000000e+01
5.320000000000000000e+02 9.400000000000000000e+01
6.920000000000000000e+02 9.100000000000000000e+01
7.930000000000000000e+02 3.000000000000000000e+01
8.150000000000000000e+02 6.900000000000000000e+01
8.620000000000000000e+02 7.700000000000000000e+01
1.024000000000000000e+03 3.600000000000000000e+01
1.134000000000000000e+03 1.300000000000000000e+01
1.190000000000000000e+03 8.300000000000000000e+01
1.199000000000000000e+03 1.000000000000000000e+00
1.220000000000000000e+03 7.000000000000000000e+00
1.248000000000000000e+03 8.600000000000000000e+01
1.421000000000000000e+03 6.400000000000000000e+01
1.616000000000000000e+03 6.300000000000000000e+01
1.651000000000000000e+03 3.700000000000000000e+01
1.816000000000000000e+03 2.100000000000000000e+01
2.048000000000000000e+03 1.000000000000000000e+00
2.076000000000000000e+03 5.800000000000000000e+01
2.100000000000000000e+03 6.900000000000000000e+01
2.482000000000000000e+03 5.300000000000000000e+01
2.484000000000000000e+03 4.800000000000000000e+01
2.820000000000000000e+03 4.700000000000000000e+01
2.871000000000000000e+03 7.700000000000000000e+01
2.872000000000000000e+03 5.000000000000000000e+00
3.063000000000000000e+03 6.300000000000000000e+01
3.099000000000000000e+03 1.300000000000000000e+01
3.245000000000000000e+03 8.500000000000000000e+01
3.306000000000000000e+03 8.400000000000000000e+01
3.335000000000000000e+03 6.500000000000000000e+01
3.383000000000000000e+03 3.000000000000000000e+01
3.663000000000000000e+03 7.500000000000000000e+01
3.868000000000000000e+03 8.000000000000000000e+00
3.903000000000000000e+03 2.100000000000000000e+01
4.000000000000000000e+03 6.200000000000000000e+01
4.014000000000000000e+03 5.100000000000000000e+01
4.063000000000000000e+03 5.800000000000000000e+01
4.349000000000000000e+03 7.000000000000000000e+00
4.377000000000000000e+03 9.100000000000000000e+01
