8.900000000000000000e+01 2.500000000000000000e+01
9.800000000000000000e+01 3.500000000000000000e+01
3.360000000000000000e+02 8.100000000000000000e+01
4.940000000000000000e+02 6.400000000000000000e+01
6.110000000000000000e+02 6.000000000000000000e+00
6.580000000000000000e+02 3.600000000000000000e+01
8.700000000000000000e+02 7.800000000000000000e+01
8.750000000000000000e+02 8.000000000000000000e+01
9.070000000000000000e+02 6.400000000000000000e+01
9.790000000000000000e+02 6.600000000000000000e+01
1.108000000000000000e+03 1.700000000000000000e+01
1.287000000000000000e+03 9.900000000000000000e+01
1.363000000000000000e+03 9.000000000000000000e+01
1.416000000000000000e+03 3.600000000000000000e+01
1.449000000000000000e+03 2.000000000000000000e+00
1.555000000000000000e+03 4.500000000000000000e+01
1.566000000000000000e+03 7.800000000000000000e+01
1.600000000000000000e+03 2.400000000000000000e+01
1.613000000000000000e+03 3.700000000000000000e+01
2.090000000000000000e+03 3.800000000000000000e+01
