1.060000000000000000e+02 8.800000000000000000e+01
1.240000000000000000e+02 5.000000000000000000e+00
1.300000000000000000e+02 3.100000000000000000e+01
2.360000000000000000e+02 8.300000000000000000e+01
3.890000000000000000e+02 4.600000000000000000e+01
5.390000000000000000e+02 8.700000000000000000e+01
6.060000000000000000e+02 8.800000000000000000e+01
6.300000000000000000e+02 9.000000000000000000e+00
6.540000000000000000e+02 8.600000000000000000e+01
6.970000000000000000e+02 1.800000000000000000e+01
7.230000000000000000e+02 7.100000000000000000e+01
7.900000000000000000e+02 8.300000000000000000e+01
9.800000000000000000e+02 6.600000000000000000e+01
1.191000000000000000e+03 6.600000000000000000e+01
1.224000000000000000e+03 7.400000000000000000e+01
