8.000000000000000000e+00 6.900000000000000000e+01
8.400000000000000000e+01 4.600000000000000000e+01
1.920000000000000000e+02 9.200000000000000000e+01
2.640000000000000000e+02 8.600000000000000000e+01
2.870000000000000000e+02 7.300000000000000000e+01
4.570000000000000000e+02 4.600000000000000000e+01
5.470000000000000000e+02 3.800000000000000000e+01
6.190000000000000000e+02 5.900000000000000000e+01
7.640000000000000000e+02 3.700000000000000000e+01
8.430000000000000000e+02 2.000000000000000000e+00
8.700000000000000000e+02 7.500000000000000000e+01
1.094000000000000000e+03 1.100000000000000000e+01
1.218000000000000000e+03 2.500000000000000000e+01
1.250000000000000000e+03 5.900000000000000000e+01
1.290000000000000000e+03 9.000000000000000000e+00
1.880000000000000000e+03 2.200000000000000000e+01
1.991000000000000000e+03 3.900000000000000000e+01
1.997000000000000000e+03 2.600000000000000000e+01
2.099000000000000000e+03 4.800000000000000000e+01
2.135000000000000000e+03 1.500000000000000000e+01
2.306000000000000000e+03 3.000000000000000000e+01
2.591000000000000000e+03 7.200000000000000000e+01
2.672000000000000000e+03 3.500000000000000000e+01
3.125000000000000000e+03 3.600000000000000000e+01
3.238000000000000000e+03 1.900000000000000000e+01
3.303000000000000000e+03 3.600000000000000000e+01
3.757000000000000000e+03 5.900000000000000000e+01
3.767000000000000000e+03 3.000000000000000000e+01
4.004000000000000000e+03 2.500000000000000000e+01
4.051000000000000000e+03 1.000000000000000000e+01
4.059000000000000000e+03 5.100000000000000000e+01
4.060000000000000000e+03 1.300000000000000000e+01
4.063000000000000000e+03 5.800000000000000000e+01
4.078000000000000000e+03 4.900000000000000000e+01
4.271000000000000000e+03 7.500000000000000000e+01
4.306000000000000000e+03 3.700000000000000000e+01
4.354000000000000000e+03 6.200000000000000000e+01
