5.700000000000000000e+01 6.000000000000000000e+01
3.870000000000000000e+02 6.600000000000000000e+01
3.910000000000000000e+02 9.400000000000000000e+01
4.570000000000000000e+02 7.200000000000000000e+01
4.840000000000000000e+02 4.800000000000000000e+01
5.000000000000000000e+02 9.000000000000000000e+00
5.630000000000000000e+02 4.100000000000000000e+01
1.006000000000000000e+03 7.400000000000000000e+01
1.619000000000000000e+03 8.000000000000000000e+00
1.635000000000000000e+03 1.300000000000000000e+01
1.753000000000000000e+03 7.200000000000000000e+01
1.766000000000000000e+03 5.000000000000000000e+01
1.831000000000000000e+03 8.700000000000000000e+01
1.861000000000000000e+03 1.500000000000000000e+01
2.322000000000000000e+03 9.600000000000000000e+01
2.433000000000000000e+03 2.300000000000000000e+01
2.681000000000000000e+03 9.300000000000000000e+01
2.691000000000000000e+03 3.000000000000000000e+01
3.313000000000000000e+03 2.100000000000000000e+01
3.387000000000000000e+03 5.800000000000000000e+01
3.434000000000000000e+03 6.800000000000000000e+01
3.452000000000000000e+03 5.700000000000000000e+01
3.813000000000000000e+03 9.700000000000000000e+01
3.899000000000000000e+03 7.000000000000000000e+01
4.178000000000000000e+03 9.000000000000000000e+00
4.184000000000000000e+03 3.300000000000000000e+01
4.196000000000000000e+03 5.900000000000000000e+01
4.447000000000000000e+03 6.100000000000000000e+01
4.792000000000000000e+03 5.800000000000000000e+01
4.841000000000000000e+03 7.200000000000000000e+01
