4.000000000000000000e+01 8.700000000000000000e+01
2.550000000000000000e+02 1.000000000000000000e+00
2.950000000000000000e+02 5.300000000000000000e+01
3.710000000000000000e+02 9.600000000000000000e+01
3.820000000000000000e+02 9.000000000000000000e+01
3.930000000000000000e+02 4.900000000000000000e+01
4.060000000000000000e+02 7.900000000000000000e+01
4.200000000000000000e+02 1.800000000000000000e+01
5.810000000000000000e+02 3.100000000000000000e+01
1.315000000000000000e+03 2.100000000000000000e+01
1.317000000000000000e+03 9.300000000000000000e+01
1.566000000000000000e+03 2.600000000000000000e+01
1.571000000000000000e+03 9.300000000000000000e+01
1.640000000000000000e+03 9.900000000000000000e+01
2.220000000000000000e+03 8.300000000000000000e+01
2.470000000000000000e+03 3.000000000000000000e+00
2.880000000000000000e+03 8.200000000000000000e+01
2.899000000000000000e+03 8.800000000000000000e+01
