1.170000000000000000e+02 4.200000000000000000e+01
1.440000000000000000e+02 7.800000000000000000e+01
2.000000000000000000e+02 4.900000000000000000e+01
2.980000000000000000e+02 8.200000000000000000e+01
3.520000000000000000e+02 4.800000000000000000e+01
4.850000000000000000e+02 6.000000000000000000e+01
7.330000000000000000e+02 7.500000000000000000e+01
7.980000000000000000e+02 9.700000000000000000e+01
8.700000000000000000e+02 6.800000000000000000e+01
1.421000000000000000e+03 4.200000000000000000e+01
1.483000000000000000e+03 9.000000000000000000e+00
1.575000000000000000e+03 3.500000000000000000e+01
1.644000000000000000e+03 1.600000000000000000e+01
1.649000000000000000e+03 4.800000000000000000e+01
1.668000000000000000e+03 9.700000000000000000e+01
1.798000000000000000e+03 7.600000000000000000e+01
1.829000000000000000e+03 4.800000000000000000e+01
1.950000000000000000e+03 6.400000000000000000e+01
2.007000000000000000e+03 3.400000000000000000e+01
2.304000000000000000e+03 6.100000000000000000e+01
2.346000000000000000e+03 7.500000000000000000e+01
2.659000000000000000e+03 2.600000000000000000e+01
2.676000000000000000e+03 8.700000000000000000e+01
