2.380000000000000000e+02 4.000000000000000000e+00
4.350000000000000000e+02 2.200000000000000000e+01
4.350000000000000000e+02 6.000000000000000000e+00
4.540000000000000000e+02 6.800000000000000000e+01
5.680000000000000000e+02 8.900000000000000000e+01
5.790000000000000000e+02 3.600000000000000000e+01
7.170000000000000000e+02 2.200000000000000000e+01
7.500000000000000000e+02 5.400000000000000000e+01
7.890000000000000000e+02 2.100000000000000000e+01
8.820000000000000000e+02 5.000000000000000000e+01
9.310000000000000000e+02 3.300000000000000000e+01
9.420000000000000000e+02 7.800000000000000000e+01
9.510000000000000000e+02 2.400000000000000000e+01
1.215000000000000000e+03 6.500000000000000000e+01
1.369000000000000000e+03 7.300000000000000000e+01
1.431000000000000000e+03 0.000000000000000000e+00
1.594000000000000000e+03 6.000000000000000000e+01
1.665000000000000000e+03 2.000000000000000000e+00
1.688000000000000000e+03 3.100000000000000000e+01
1.878000000000000000e+03 6.900000000000000000e+01
1.882000000000000000e+03 8.000000000000000000e+01
1.902000000000000000e+03 4.300000000000000000e+01
1.992000000000000000e+03 1.000000000000000000e+01
2.290000000000000000e+03 9.300000000000000000e+01
2.669000000000000000e+03 5.800000000000000000e+01
2.880000000000000000e+03 1.500000000000000000e+01
2.888000000000000000e+03 8.400000000000000000e+01
2.911000000000000000e+03 5.800000000000000000e+01
3.458000000000000000e+03 2.400000000000000000e+01
3.802000000000000000e+03 6.000000000000000000e+00
3.844000000000000000e+03 9.200000000000000000e+01
3.898000000000000000e+03 6.100000000000000000e+01
3.977000000000000000e+03 1.500000000000000000e+01
4.122000000000000000e+03 2.900000000000000000e+01
4.129000000000000000e+03 1.300000000000000000e+01
4.163000000000000000e+03 7.600000000000000000e+01
4.172000000000000000e+03 3.800000000000000000e+01
4.184000000000000000e+03 6.200000000000000000e+01
4.381000000000000000e+03 1.200000000000000000e+01
4.484000000000000000e+03 7.900000000000000000e+01
4.492000000000000000e+03 7.000000000000000000e+00
4.558000000000000000e+03 9.000000000000000000e+00
