8.500000000000000000e+01 1.000000000000000000e+00
3.800000000000000000e+02 8.600000000000000000e+01
5.690000000000000000e+02 4.100000000000000000e+01
5.860000000000000000e+02 1.400000000000000000e+01
6.490000000000000000e+02 5.600000000000000000e+01
7.780000000000000000e+02 9.600000000000000000e+01
8.540000000000000000e+02 9.700000000000000000e+01
9.660000000000000000e+02 3.600000000000000000e+01
1.207000000000000000e+03 6.100000000000000000e+01
1.474000000000000000e+03 2.600000000000000000e+01
1.623000000000000000e+03 7.100000000000000000e+01
1.714000000000000000e+03 8.200000000000000000e+01
1.945000000000000000e+03 6.300000000000000000e+01
1.985000000000000000e+03 3.000000000000000000e+00
1.992000000000000000e+03 9.200000000000000000e+01
2.119000000000000000e+03 7.300000000000000000e+01
2.145000000000000000e+03 7.200000000000000000e+01
2.166000000000000000e+03 2.400000000000000000e+01
2.206000000000000000e+03 8.000000000000000000e+01
2.282000000000000000e+03 6.000000000000000000e+00
2.309000000000000000e+03 6.200000000000000000e+01
2.309000000000000000e+03 9.700000000000000000e+01
2.363000000000000000e+03 2.700000000000000000e+01
2.542000000000000000e+03 4.000000000000000000e+01
2.810000000000000000e+03 9.500000000000000000e+01
2.860000000000000000e+03 9.500000000000000000e+01
2.882000000000000000e+03 1.400000000000000000e+01
2.989000000000000000e+03 3.600000000000000000e+01
3.016000000000000000e+03 5.100000000000000000e+01
3.109000000000000000e+03 8.500000000000000000e+01
3.194000000000000000e+03 5.500000000000000000e+01
3.455000000000000000e+03 1.600000000000000000e+01
3.581000000000000000e+03 9.300000000000000000e+01
3.919000000000000000e+03 7.200000000000000000e+01
3.927000000000000000e+03 1.000000000000000000e+00
3.935000000000000000e+03 9.200000000000000000e+01
4.197000000000000000e+03 3.000000000000000000e+01
4.328000000000000000e+03 8.400000000000000000e+01
4.330000000000000000e+03 9.100000000000000000e+01
4.356000000000000000e+03 3.800000000000000000e+01
4.421000000000000000e+03 3.000000000000000000e+00
4.439000000000000000e+03 9.300000000000000000e+01
4.665000000000000000e+03 1.900000000000000000e+01
4.993000000000000000e+03 6.000000000000000000e+00
