2.000000000000000000e+02 5.800000000000000000e+01
2.140000000000000000e+02 1.100000000000000000e+01
2.240000000000000000e+02 2.000000000000000000e+01
4.700000000000000000e+02 6.400000000000000000e+01
5.190000000000000000e+02 5.000000000000000000e+01
5.460000000000000000e+02 9.200000000000000000e+01
5.950000000000000000e+02 8.800000000000000000e+01
6.620000000000000000e+02 5.700000000000000000e+01
1.057000000000000000e+03 2.000000000000000000e+00
1.077000000000000000e+03 8.300000000000000000e+01
1.186000000000000000e+03 1.000000000000000000e+01
1.330000000000000000e+03 3.400000000000000000e+01
1.591000000000000000e+03 9.000000000000000000e+00
1.697000000000000000e+03 1.600000000000000000e+01
1.710000000000000000e+03 5.700000000000000000e+01
2.155000000000000000e+03 4.200000000000000000e+01
2.257000000000000000e+03 8.500000000000000000e+01
2.340000000000000000e+03 7.600000000000000000e+01
2.350000000000000000e+03 8.600000000000000000e+01
2.469000000000000000e+03 2.700000000000000000e+01
2.528000000000000000e+03 9.200000000000000000e+01
2.776000000000000000e+03 6.600000000000000000e+01
3.101000000000000000e+03 8.300000000000000000e+01
3.106000000000000000e+03 4.000000000000000000e+00
3.207000000000000000e+03 8.000000000000000000e+01
3.258000000000000000e+03 1.800000000000000000e+01
3.290000000000000000e+03 4.100000000000000000e+01
3.327000000000000000e+03 9.600000000000000000e+01
3.573000000000000000e+03 6.000000000000000000e+00
3.774000000000000000e+03 6.000000000000000000e+01
4.088000000000000000e+03 3.700000000000000000e+01
4.550000000000000000e+03 4.200000000000000000e+01
4.802000000000000000e+03 8.800000000000000000e+01
4.863000000000000000e+03 8.000000000000000000e+01
5.334000000000000000e+03 7.400000000000000000e+01
5.500000000000000000e+03 9.800000000000000000e+01
5.532000000000000000e+03 1.300000000000000000e+01
6.101000000000000000e+03 2.100000000000000000e+01
6.293000000000000000e+03 9.700000000000000000e+01
6.411000000000000000e+03 4.300000000000000000e+01
6.421000000000000000e+03 2.600000000000000000e+01
6.628000000000000000e+03 9.600000000000000000e+01
6.688000000000000000e+03 4.500000000000000000e+01
7.110000000000000000e+03 0.000000000000000000e+00
7.185000000000000000e+03 7.000000000000000000e+01
7.800000000000000000e+03 1.300000000000000000e+01
7.891000000000000000e+03 6.000000000000000000e+01
