2.300000000000000000e+01 5.000000000000000000e+01
5.900000000000000000e+01 2.200000000000000000e+01
1.050000000000000000e+02 3.900000000000000000e+01
2.490000000000000000e+02 7.500000000000000000e+01
4.000000000000000000e+02 9.200000000000000000e+01
4.410000000000000000e+02 8.600000000000000000e+01
4.530000000000000000e+02 2.000000000000000000e+00
4.550000000000000000e+02 6.100000000000000000e+01
5.760000000000000000e+02 2.900000000000000000e+01
5.830000000000000000e+02 1.300000000000000000e+01
7.100000000000000000e+02 1.500000000000000000e+01
1.033000000000000000e+03 7.200000000000000000e+01
1.095000000000000000e+03 5.600000000000000000e+01
1.222000000000000000e+03 5.600000000000000000e+01
1.275000000000000000e+03 2.000000000000000000e+00
1.436000000000000000e+03 3.400000000000000000e+01
1.437000000000000000e+03 3.400000000000000000e+01
1.547000000000000000e+03 9.300000000000000000e+01
1.763000000000000000e+03 9.300000000000000000e+01
1.786000000000000000e+03 6.300000000000000000e+01
2.014000000000000000e+03 9.900000000000000000e+01
2.024000000000000000e+03 6.200000000000000000e+01
