8.500000000000000000e+01 2.600000000000000000e+01
1.580000000000000000e+02 2.700000000000000000e+01
2.480000000000000000e+02 8.200000000000000000e+01
3.280000000000000000e+02 4.600000000000000000e+01
4.540000000000000000e+02 2.700000000000000000e+01
5.630000000000000000e+02 5.000000000000000000e+01
6.600000000000000000e+02 1.200000000000000000e+01
6.690000000000000000e+02 5.000000000000000000e+01
7.840000000000000000e+02 2.700000000000000000e+01
8.050000000000000000e+02 9.200000000000000000e+01
8.410000000000000000e+02 2.300000000000000000e+01
9.930000000000000000e+02 4.100000000000000000e+01
9.970000000000000000e+02 6.300000000000000000e+01
1.001000000000000000e+03 2.300000000000000000e+01
1.065000000000000000e+03 1.000000000000000000e+00
1.068000000000000000e+03 7.900000000000000000e+01
1.094000000000000000e+03 1.400000000000000000e+01
1.141000000000000000e+03 2.700000000000000000e+01
1.154000000000000000e+03 8.900000000000000000e+01
1.661000000000000000e+03 5.100000000000000000e+01
1.682000000000000000e+03 4.000000000000000000e+01
1.964000000000000000e+03 7.100000000000000000e+01
1.989000000000000000e+03 8.000000000000000000e+00
2.017000000000000000e+03 7.300000000000000000e+01
2.148000000000000000e+03 7.000000000000000000e+00
2.350000000000000000e+03 4.400000000000000000e+01
2.372000000000000000e+03 4.200000000000000000e+01
2.406000000000000000e+03 2.400000000000000000e+01
2.417000000000000000e+03 9.500000000000000000e+01
2.509000000000000000e+03 4.900000000000000000e+01
2.558000000000000000e+03 8.700000000000000000e+01
2.578000000000000000e+03 4.900000000000000000e+01
2.624000000000000000e+03 3.900000000000000000e+01
2.674000000000000000e+03 1.900000000000000000e+01
2.876000000000000000e+03 2.800000000000000000e+01
2.956000000000000000e+03 6.000000000000000000e+01
3.113000000000000000e+03 3.700000000000000000e+01
3.322000000000000000e+03 7.000000000000000000e+01
3.349000000000000000e+03 5.400000000000000000e+01
3.365000000000000000e+03 7.000000000000000000e+00
3.369000000000000000e+03 5.200000000000000000e+01
