7.000000000000000000e+00 3.800000000000000000e+01
7.700000000000000000e+01 9.000000000000000000e+01
1.560000000000000000e+02 7.000000000000000000e+00
2.610000000000000000e+02 5.100000000000000000e+01
3.200000000000000000e+02 4.000000000000000000e+00
4.400000000000000000e+02 2.700000000000000000e+01
5.050000000000000000e+02 1.500000000000000000e+01
5.310000000000000000e+02 4.700000000000000000e+01
6.180000000000000000e+02 8.100000000000000000e+01
8.300000000000000000e+02 3.600000000000000000e+01
1.388000000000000000e+03 6.100000000000000000e+01
1.453000000000000000e+03 2.000000000000000000e+00
1.455000000000000000e+03 8.000000000000000000e+01
1.468000000000000000e+03 6.800000000000000000e+01
1.648000000000000000e+03 1.200000000000000000e+01
1.716000000000000000e+03 8.000000000000000000e+01
1.756000000000000000e+03 6.800000000000000000e+01
1.813000000000000000e+03 1.500000000000000000e+01
1.911000000000000000e+03 8.300000000000000000e+01
1.942000000000000000e+03 6.500000000000000000e+01
1.955000000000000000e+03 8.600000000000000000e+01
2.029000000000000000e+03 6.300000000000000000e+01
2.208000000000000000e+03 1.700000000000000000e+01
2.318000000000000000e+03 2.000000000000000000e+01
2.344000000000000000e+03 7.900000000000000000e+01
2.385000000000000000e+03 2.800000000000000000e+01
2.519000000000000000e+03 4.500000000000000000e+01
2.650000000000000000e+03 4.100000000000000000e+01
2.703000000000000000e+03 4.700000000000000000e+01
2.746000000000000000e+03 5.900000000000000000e+01
2.758000000000000000e+03 3.800000000000000000e+01
2.793000000000000000e+03 9.000000000000000000e+01
2.877000000000000000e+03 2.200000000000000000e+01
3.258000000000000000e+03 7.400000000000000000e+01
3.264000000000000000e+03 1.500000000000000000e+01
3.348000000000000000e+03 7.500000000000000000e+01
