1.650000000000000000e+02 3.800000000000000000e+01
1.940000000000000000e+02 2.000000000000000000e+00
2.940000000000000000e+02 3.300000000000000000e+01
2.990000000000000000e+02 1.200000000000000000e+01
3.410000000000000000e+02 6.900000000000000000e+01
3.750000000000000000e+02 5.200000000000000000e+01
3.750000000000000000e+02 4.000000000000000000e+00
4.680000000000000000e+02 2.900000000000000000e+01
5.470000000000000000e+02 3.500000000000000000e+01
6.470000000000000000e+02 6.700000000000000000e+01
7.430000000000000000e+02 6.500000000000000000e+01
1.089000000000000000e+03 2.800000000000000000e+01
1.160000000000000000e+03 8.000000000000000000e+01
1.167000000000000000e+03 4.500000000000000000e+01
1.256000000000000000e+03 2.700000000000000000e+01
1.269000000000000000e+03 4.400000000000000000e+01
1.345000000000000000e+03 9.000000000000000000e+00
1.380000000000000000e+03 3.200000000000000000e+01
1.622000000000000000e+03 6.200000000000000000e+01
1.706000000000000000e+03 3.800000000000000000e+01
1.713000000000000000e+03 5.600000000000000000e+01
1.715000000000000000e+03 5.200000000000000000e+01
1.725000000000000000e+03 9.000000000000000000e+00
1.875000000000000000e+03 2.000000000000000000e+01
1.903000000000000000e+03 5.500000000000000000e+01
1.914000000000000000e+03 7.900000000000000000e+01
2.064000000000000000e+03 4.300000000000000000e+01
2.106000000000000000e+03 2.700000000000000000e+01
