1.310000000000000000e+02 1.000000000000000000e+01
1.720000000000000000e+02 8.900000000000000000e+01
1.900000000000000000e+02 5.400000000000000000e+01
3.090000000000000000e+02 1.300000000000000000e+01
3.380000000000000000e+02 4.700000000000000000e+01
5.810000000000000000e+02 1.100000000000000000e+01
6.260000000000000000e+02 9.600000000000000000e+01
6.750000000000000000e+02 1.000000000000000000e+00
8.620000000000000000e+02 5.000000000000000000e+01
1.043000000000000000e+03 7.000000000000000000e+00
1.045000000000000000e+03 8.600000000000000000e+01
1.146000000000000000e+03 1.700000000000000000e+01
1.173000000000000000e+03 3.600000000000000000e+01
1.370000000000000000e+03 3.100000000000000000e+01
1.418000000000000000e+03 6.000000000000000000e+01
1.738000000000000000e+03 8.300000000000000000e+01
2.096000000000000000e+03 7.000000000000000000e+00
2.379000000000000000e+03 6.500000000000000000e+01
2.562000000000000000e+03 1.100000000000000000e+01
2.628000000000000000e+03 5.300000000000000000e+01
2.700000000000000000e+03 5.200000000000000000e+01
2.724000000000000000e+03 3.900000000000000000e+01
2.728000000000000000e+03 8.000000000000000000e+00
2.741000000000000000e+03 6.000000000000000000e+00
2.798000000000000000e+03 2.300000000000000000e+01
2.848000000000000000e+03 7.100000000000000000e+01
3.420000000000000000e+03 9.000000000000000000e+00
3.508000000000000000e+03 3.000000000000000000e+00
3.590000000000000000e+03 3.800000000000000000e+01
3.601000000000000000e+03 2.300000000000000000e+01
3.630000000000000000e+03 6.300000000000000000e+01
3.658000000000000000e+03 6.000000000000000000e+01
3.862000000000000000e+03 9.200000000000000000e+01
4.062000000000000000e+03 8.900000000000000000e+01
4.086000000000000000e+03 6.000000000000000000e+00
4.164000000000000000e+03 5.100000000000000000e+01
4.179000000000000000e+03 6.600000000000000000e+01
4.323000000000000000e+03 7.600000000000000000e+01
4.375000000000000000e+03 8.000000000000000000e+00
4.452000000000000000e+03 5.300000000000000000e+01
4.630000000000000000e+03 6.600000000000000000e+01
4.694000000000000000e+03 8.000000000000000000e+00
4.743000000000000000e+03 2.700000000000000000e+01
5.053000000000000000e+03 2.000000000000000000e+01
5.074000000000000000e+03 2.000000000000000000e+00
5.076000000000000000e+03 5.000000000000000000e+01
5.084000000000000000e+03 3.800000000000000000e+01
5.192000000000000000e+03 0.000000000000000000e+00
5.493000000000000000e+03 1.000000000000000000e+01
