2.420000000000000000e+02 5.100000000000000000e+01
2.810000000000000000e+02 5.200000000000000000e+01
2.920000000000000000e+02 5.800000000000000000e+01
2.970000000000000000e+02 7.700000000000000000e+01
4.330000000000000000e+02 6.400000000000000000e+01
6.660000000000000000e+02 1.700000000000000000e+01
6.810000000000000000e+02 7.700000000000000000e+01
7.790000000000000000e+02 5.100000000000000000e+01
8.390000000000000000e+02 8.200000000000000000e+01
9.610000000000000000e+02 8.500000000000000000e+01
1.090000000000000000e+03 2.000000000000000000e+01
