1.110000000000000000e+02 8.800000000000000000e+01
1.500000000000000000e+02 5.300000000000000000e+01
1.910000000000000000e+02 6.000000000000000000e+01
2.820000000000000000e+02 5.000000000000000000e+01
3.570000000000000000e+02 3.800000000000000000e+01
3.570000000000000000e+02 5.200000000000000000e+01
6.120000000000000000e+02 3.000000000000000000e+01
9.230000000000000000e+02 6.400000000000000000e+01
1.026000000000000000e+03 6.300000000000000000e+01
1.097000000000000000e+03 8.000000000000000000e+01
1.162000000000000000e+03 3.300000000000000000e+01
1.169000000000000000e+03 1.500000000000000000e+01
1.182000000000000000e+03 2.200000000000000000e+01
1.261000000000000000e+03 4.800000000000000000e+01
1.522000000000000000e+03 1.900000000000000000e+01
1.793000000000000000e+03 8.000000000000000000e+00
