3.070000000000000000e+02 1.700000000000000000e+01
3.390000000000000000e+02 8.000000000000000000e+01
3.560000000000000000e+02 7.800000000000000000e+01
4.820000000000000000e+02 1.400000000000000000e+01
8.590000000000000000e+02 1.600000000000000000e+01
1.215000000000000000e+03 7.500000000000000000e+01
1.284000000000000000e+03 1.800000000000000000e+01
1.306000000000000000e+03 2.000000000000000000e+01
1.613000000000000000e+03 9.800000000000000000e+01
1.688000000000000000e+03 3.700000000000000000e+01
1.755000000000000000e+03 2.000000000000000000e+01
2.279000000000000000e+03 2.700000000000000000e+01
2.286000000000000000e+03 2.500000000000000000e+01
2.289000000000000000e+03 6.900000000000000000e+01
2.352000000000000000e+03 5.600000000000000000e+01
2.432000000000000000e+03 9.100000000000000000e+01
2.436000000000000000e+03 9.800000000000000000e+01
2.757000000000000000e+03 5.300000000000000000e+01
2.795000000000000000e+03 4.700000000000000000e+01
2.969000000000000000e+03 6.300000000000000000e+01
2.975000000000000000e+03 4.400000000000000000e+01
