6.500000000000000000e+01 1.700000000000000000e+01
6.900000000000000000e+01 2.800000000000000000e+01
1.550000000000000000e+02 3.300000000000000000e+01
3.960000000000000000e+02 5.300000000000000000e+01
7.190000000000000000e+02 4.400000000000000000e+01
8.460000000000000000e+02 3.000000000000000000e+01
8.880000000000000000e+02 1.100000000000000000e+01
9.950000000000000000e+02 9.500000000000000000e+01
1.076000000000000000e+03 4.400000000000000000e+01
1.119000000000000000e+03 4.100000000000000000e+01
1.180000000000000000e+03 9.000000000000000000e+01
1.193000000000000000e+03 3.300000000000000000e+01
1.193000000000000000e+03 6.000000000000000000e+00
1.630000000000000000e+03 5.600000000000000000e+01
1.746000000000000000e+03 4.300000000000000000e+01
1.879000000000000000e+03 4.800000000000000000e+01
2.246000000000000000e+03 9.500000000000000000e+01
2.324000000000000000e+03 9.000000000000000000e+01
2.411000000000000000e+03 8.900000000000000000e+01
2.797000000000000000e+03 4.100000000000000000e+01
2.943000000000000000e+03 2.900000000000000000e+01
3.136000000000000000e+03 6.600000000000000000e+01
3.274000000000000000e+03 7.100000000000000000e+01
3.310000000000000000e+03 6.800000000000000000e+01
3.338000000000000000e+03 1.000000000000000000e+01
3.407000000000000000e+03 6.000000000000000000e+01
3.478000000000000000e+03 2.800000000000000000e+01
3.551000000000000000e+03 1.800000000000000000e+01
3.589000000000000000e+03 4.300000000000000000e+01
3.613000000000000000e+03 8.600000000000000000e+01
3.718000000000000000e+03 2.000000000000000000e+00
3.804000000000000000e+03 3.000000000000000000e+01
4.187000000000000000e+03 9.400000000000000000e+01
4.202000000000000000e+03 2.700000000000000000e+01
4.334000000000000000e+03 6.600000000000000000e+01
4.433000000000000000e+03 2.300000000000000000e+01
4.445000000000000000e+03 6.100000000000000000e+01
4.477000000000000000e+03 5.500000000000000000e+01
4.778000000000000000e+03 5.700000000000000000e+01
4.784000000000000000e+03 3.800000000000000000e+01
4.798000000000000000e+03 6.000000000000000000e+00
