1.280000000000000000e+02 5.100000000000000000e+01
2.220000000000000000e+02 5.200000000000000000e+01
3.390000000000000000e+02 1.500000000000000000e+01
4.560000000000000000e+02 2.300000000000000000e+01
4.880000000000000000e+02 8.500000000000000000e+01
4.880000000000000000e+02 8.700000000000000000e+01
5.550000000000000000e+02 2.300000000000000000e+01
5.870000000000000000e+02 9.600000000000000000e+01
5.980000000000000000e+02 3.000000000000000000e+00
8.650000000000000000e+02 9.600000000000000000e+01
1.040000000000000000e+03 5.700000000000000000e+01
1.117000000000000000e+03 7.000000000000000000e+01
1.160000000000000000e+03 8.600000000000000000e+01
1.281000000000000000e+03 8.300000000000000000e+01
1.401000000000000000e+03 4.800000000000000000e+01
1.450000000000000000e+03 9.200000000000000000e+01
1.476000000000000000e+03 6.500000000000000000e+01
1.505000000000000000e+03 6.500000000000000000e+01
1.868000000000000000e+03 2.200000000000000000e+01
1.955000000000000000e+03 7.600000000000000000e+01
1.975000000000000000e+03 5.100000000000000000e+01
1.978000000000000000e+03 5.200000000000000000e+01
2.101000000000000000e+03 5.700000000000000000e+01
2.215000000000000000e+03 8.200000000000000000e+01
2.233000000000000000e+03 8.600000000000000000e+01
2.515000000000000000e+03 5.200000000000000000e+01
2.619000000000000000e+03 3.600000000000000000e+01
2.666000000000000000e+03 9.300000000000000000e+01
2.727000000000000000e+03 8.400000000000000000e+01
2.913000000000000000e+03 7.400000000000000000e+01
2.993000000000000000e+03 3.700000000000000000e+01
3.075000000000000000e+03 1.500000000000000000e+01
3.349000000000000000e+03 7.400000000000000000e+01
3.352000000000000000e+03 6.000000000000000000e+00
3.354000000000000000e+03 9.700000000000000000e+01
3.397000000000000000e+03 1.800000000000000000e+01
3.800000000000000000e+03 4.100000000000000000e+01
3.807000000000000000e+03 5.100000000000000000e+01
3.829000000000000000e+03 6.900000000000000000e+01
3.889000000000000000e+03 1.600000000000000000e+01
4.043000000000000000e+03 6.000000000000000000e+01
4.081000000000000000e+03 5.500000000000000000e+01
