2.200000000000000000e+01 1.600000000000000000e+01
3.540000000000000000e+02 4.800000000000000000e+01
4.300000000000000000e+02 8.200000000000000000e+01
4.770000000000000000e+02 5.700000000000000000e+01
5.710000000000000000e+02 2.700000000000000000e+01
8.070000000000000000e+02 9.600000000000000000e+01
8.090000000000000000e+02 3.300000000000000000e+01
9.140000000000000000e+02 1.700000000000000000e+01
9.310000000000000000e+02 3.600000000000000000e+01
1.086000000000000000e+03 4.600000000000000000e+01
1.137000000000000000e+03 4.000000000000000000e+00
1.317000000000000000e+03 7.200000000000000000e+01
1.480000000000000000e+03 3.200000000000000000e+01
1.637000000000000000e+03 3.400000000000000000e+01
1.682000000000000000e+03 7.300000000000000000e+01
1.694000000000000000e+03 7.600000000000000000e+01
1.737000000000000000e+03 1.900000000000000000e+01
1.859000000000000000e+03 9.800000000000000000e+01
1.873000000000000000e+03 3.200000000000000000e+01
