5.000000000000000000e+00 3.500000000000000000e+01
4.900000000000000000e+01 1.500000000000000000e+01
8.600000000000000000e+01 5.300000000000000000e+01
1.450000000000000000e+02 9.100000000000000000e+01
1.470000000000000000e+02 9.300000000000000000e+01
1.950000000000000000e+02 9.200000000000000000e+01
3.460000000000000000e+02 1.000000000000000000e+00
3.560000000000000000e+02 7.400000000000000000e+01
3.830000000000000000e+02 2.800000000000000000e+01
4.440000000000000000e+02 3.700000000000000000e+01
5.660000000000000000e+02 8.000000000000000000e+01
7.000000000000000000e+02 1.500000000000000000e+01
8.490000000000000000e+02 5.800000000000000000e+01
