4.800000000000000000e+01 9.300000000000000000e+01
9.400000000000000000e+01 1.600000000000000000e+01
1.750000000000000000e+02 8.300000000000000000e+01
1.880000000000000000e+02 1.900000000000000000e+01
2.150000000000000000e+02 7.000000000000000000e+00
2.420000000000000000e+02 7.300000000000000000e+01
2.460000000000000000e+02 2.500000000000000000e+01
2.890000000000000000e+02 6.600000000000000000e+01
4.200000000000000000e+02 6.400000000000000000e+01
8.450000000000000000e+02 1.300000000000000000e+01
9.650000000000000000e+02 3.300000000000000000e+01
9.940000000000000000e+02 6.200000000000000000e+01
1.105000000000000000e+03 6.600000000000000000e+01
1.217000000000000000e+03 7.700000000000000000e+01
1.217000000000000000e+03 8.000000000000000000e+01
1.504000000000000000e+03 9.300000000000000000e+01
1.507000000000000000e+03 2.400000000000000000e+01
1.565000000000000000e+03 3.000000000000000000e+00
1.589000000000000000e+03 5.300000000000000000e+01
1.589000000000000000e+03 4.300000000000000000e+01
1.604000000000000000e+03 8.000000000000000000e+01
1.619000000000000000e+03 9.700000000000000000e+01
1.649000000000000000e+03 7.800000000000000000e+01
1.653000000000000000e+03 5.700000000000000000e+01
1.701000000000000000e+03 4.100000000000000000e+01
1.870000000000000000e+03 2.300000000000000000e+01
1.926000000000000000e+03 9.300000000000000000e+01
1.942000000000000000e+03 8.900000000000000000e+01
1.987000000000000000e+03 2.100000000000000000e+01
2.053000000000000000e+03 4.100000000000000000e+01
2.156000000000000000e+03 3.100000000000000000e+01
