3.500000000000000000e+01 1.400000000000000000e+01
1.840000000000000000e+02 3.900000000000000000e+01
1.850000000000000000e+02 5.100000000000000000e+01
5.480000000000000000e+02 2.200000000000000000e+01
5.560000000000000000e+02 1.800000000000000000e+01
6.420000000000000000e+02 2.900000000000000000e+01
7.920000000000000000e+02 1.000000000000000000e+01
8.900000000000000000e+02 5.700000000000000000e+01
9.080000000000000000e+02 7.800000000000000000e+01
1.172000000000000000e+03 7.500000000000000000e+01
1.404000000000000000e+03 3.400000000000000000e+01
1.488000000000000000e+03 5.100000000000000000e+01
1.845000000000000000e+03 7.700000000000000000e+01
1.925000000000000000e+03 8.000000000000000000e+00
1.993000000000000000e+03 9.900000000000000000e+01
2.121000000000000000e+03 2.000000000000000000e+00
2.317000000000000000e+03 8.600000000000000000e+01
2.449000000000000000e+03 4.400000000000000000e+01
2.704000000000000000e+03 5.000000000000000000e+01
2.759000000000000000e+03 5.000000000000000000e+00
3.683000000000000000e+03 1.400000000000000000e+01
3.766000000000000000e+03 1.900000000000000000e+01
3.850000000000000000e+03 1.100000000000000000e+01
3.942000000000000000e+03 9.700000000000000000e+01
3.951000000000000000e+03 4.000000000000000000e+01
3.966000000000000000e+03 9.200000000000000000e+01
4.016000000000000000e+03 8.600000000000000000e+01
4.171000000000000000e+03 9.300000000000000000e+01
4.230000000000000000e+03 5.600000000000000000e+01
4.388000000000000000e+03 7.700000000000000000e+01
4.512000000000000000e+03 6.200000000000000000e+01
4.701000000000000000e+03 1.100000000000000000e+01
4.810000000000000000e+03 1.700000000000000000e+01
4.819000000000000000e+03 3.100000000000000000e+01
5.016000000000000000e+03 9.800000000000000000e+01
5.111000000000000000e+03 7.500000000000000000e+01
5.516000000000000000e+03 6.900000000000000000e+01
5.604000000000000000e+03 5.600000000000000000e+01
5.625000000000000000e+03 5.000000000000000000e+01
5.741000000000000000e+03 6.700000000000000000e+01
5.798000000000000000e+03 6.400000000000000000e+01
