1.600000000000000000e+02 5.100000000000000000e+01
4.120000000000000000e+02 9.700000000000000000e+01
4.340000000000000000e+02 7.500000000000000000e+01
6.500000000000000000e+02 6.000000000000000000e+00
6.530000000000000000e+02 5.200000000000000000e+01
7.550000000000000000e+02 3.800000000000000000e+01
7.640000000000000000e+02 9.500000000000000000e+01
8.640000000000000000e+02 8.600000000000000000e+01
8.690000000000000000e+02 1.000000000000000000e+01
9.140000000000000000e+02 1.100000000000000000e+01
9.710000000000000000e+02 7.300000000000000000e+01
9.910000000000000000e+02 4.800000000000000000e+01
