4.100000000000000000e+01 3.100000000000000000e+01
4.600000000000000000e+01 5.700000000000000000e+01
1.290000000000000000e+02 3.900000000000000000e+01
2.850000000000000000e+02 4.500000000000000000e+01
4.380000000000000000e+02 1.200000000000000000e+01
5.110000000000000000e+02 8.200000000000000000e+01
5.160000000000000000e+02 1.500000000000000000e+01
5.190000000000000000e+02 8.200000000000000000e+01
6.010000000000000000e+02 7.000000000000000000e+01
6.050000000000000000e+02 4.000000000000000000e+00
