2.000000000000000000e+00 4.600000000000000000e+01
9.300000000000000000e+01 9.800000000000000000e+01
1.330000000000000000e+02 5.300000000000000000e+01
1.710000000000000000e+02 5.100000000000000000e+01
2.930000000000000000e+02 2.400000000000000000e+01
4.190000000000000000e+02 6.700000000000000000e+01
5.300000000000000000e+02 0.000000000000000000e+00
6.620000000000000000e+02 5.900000000000000000e+01
7.020000000000000000e+02 9.400000000000000000e+01
9.240000000000000000e+02 5.700000000000000000e+01
1.560000000000000000e+03 6.600000000000000000e+01
1.725000000000000000e+03 7.300000000000000000e+01
1.816000000000000000e+03 4.400000000000000000e+01
1.863000000000000000e+03 2.900000000000000000e+01
1.969000000000000000e+03 7.000000000000000000e+01
2.041000000000000000e+03 8.200000000000000000e+01
2.212000000000000000e+03 1.000000000000000000e+00
2.242000000000000000e+03 3.500000000000000000e+01
2.941000000000000000e+03 5.900000000000000000e+01
3.421000000000000000e+03 6.500000000000000000e+01
3.678000000000000000e+03 8.900000000000000000e+01
3.793000000000000000e+03 6.700000000000000000e+01
3.819000000000000000e+03 7.100000000000000000e+01
3.980000000000000000e+03 9.600000000000000000e+01
3.987000000000000000e+03 1.400000000000000000e+01
4.149000000000000000e+03 8.000000000000000000e+00
4.314000000000000000e+03 9.800000000000000000e+01
4.499000000000000000e+03 2.700000000000000000e+01
4.548000000000000000e+03 6.800000000000000000e+01
4.773000000000000000e+03 7.100000000000000000e+01
4.773000000000000000e+03 3.900000000000000000e+01
4.911000000000000000e+03 7.800000000000000000e+01
4.916000000000000000e+03 3.200000000000000000e+01
4.992000000000000000e+03 1.700000000000000000e+01
4.994000000000000000e+03 8.100000000000000000e+01
4.994000000000000000e+03 7.200000000000000000e+01
5.028000000000000000e+03 4.500000000000000000e+01
5.054000000000000000e+03 5.900000000000000000e+01
5.130000000000000000e+03 7.900000000000000000e+01
5.139000000000000000e+03 3.100000000000000000e+01
5.403000000000000000e+03 1.100000000000000000e+01
5.431000000000000000e+03 1.000000000000000000e+00
5.502000000000000000e+03 6.600000000000000000e+01
5.585000000000000000e+03 6.400000000000000000e+01
5.606000000000000000e+03 3.900000000000000000e+01
5.676000000000000000e+03 3.100000000000000000e+01
5.678000000000000000e+03 8.400000000000000000e+01
