2.860000000000000000e+02 8.400000000000000000e+01
4.920000000000000000e+02 4.000000000000000000e+00
7.450000000000000000e+02 9.800000000000000000e+01
8.490000000000000000e+02 3.700000000000000000e+01
9.970000000000000000e+02 9.400000000000000000e+01
1.010000000000000000e+03 6.400000000000000000e+01
1.062000000000000000e+03 2.000000000000000000e+01
1.898000000000000000e+03 1.000000000000000000e+00
2.176000000000000000e+03 9.100000000000000000e+01
2.190000000000000000e+03 9.500000000000000000e+01
2.464000000000000000e+03 4.900000000000000000e+01
2.536000000000000000e+03 4.500000000000000000e+01
2.591000000000000000e+03 1.000000000000000000e+01
2.681000000000000000e+03 2.000000000000000000e+00
2.997000000000000000e+03 3.700000000000000000e+01
2.997000000000000000e+03 2.600000000000000000e+01
3.236000000000000000e+03 1.800000000000000000e+01
3.237000000000000000e+03 9.000000000000000000e+01
3.375000000000000000e+03 2.600000000000000000e+01
3.401000000000000000e+03 3.100000000000000000e+01
3.569000000000000000e+03 9.000000000000000000e+00
3.597000000000000000e+03 2.200000000000000000e+01
3.707000000000000000e+03 8.700000000000000000e+01
3.793000000000000000e+03 9.800000000000000000e+01
3.809000000000000000e+03 6.100000000000000000e+01
3.949000000000000000e+03 5.600000000000000000e+01
4.259000000000000000e+03 8.100000000000000000e+01
4.418000000000000000e+03 1.000000000000000000e+01
4.914000000000000000e+03 6.700000000000000000e+01
4.965000000000000000e+03 7.200000000000000000e+01
5.067000000000000000e+03 8.200000000000000000e+01
5.089000000000000000e+03 7.900000000000000000e+01
5.177000000000000000e+03 5.700000000000000000e+01
5.318000000000000000e+03 3.200000000000000000e+01
5.364000000000000000e+03 9.100000000000000000e+01
5.448000000000000000e+03 3.400000000000000000e+01
5.456000000000000000e+03 4.100000000000000000e+01
5.602000000000000000e+03 6.200000000000000000e+01
5.691000000000000000e+03 6.600000000000000000e+01
5.715000000000000000e+03 4.100000000000000000e+01
5.748000000000000000e+03 4.200000000000000000e+01
5.888000000000000000e+03 9.000000000000000000e+00
5.941000000000000000e+03 2.000000000000000000e+01
