3.500000000000000000e+01 5.200000000000000000e+01
1.070000000000000000e+02 3.100000000000000000e+01
5.100000000000000000e+02 9.200000000000000000e+01
6.190000000000000000e+02 8.800000000000000000e+01
6.320000000000000000e+02 9.800000000000000000e+01
8.340000000000000000e+02 2.500000000000000000e+01
8.740000000000000000e+02 6.900000000000000000e+01
8.780000000000000000e+02 5.900000000000000000e+01
8.870000000000000000e+02 4.000000000000000000e+00
9.270000000000000000e+02 9.200000000000000000e+01
1.157000000000000000e+03 5.500000000000000000e+01
1.180000000000000000e+03 9.600000000000000000e+01
1.194000000000000000e+03 7.100000000000000000e+01
1.287000000000000000e+03 1.300000000000000000e+01
1.324000000000000000e+03 1.800000000000000000e+01
1.583000000000000000e+03 4.000000000000000000e+00
1.608000000000000000e+03 9.000000000000000000e+00
1.893000000000000000e+03 5.700000000000000000e+01
2.169000000000000000e+03 9.800000000000000000e+01
2.222000000000000000e+03 2.800000000000000000e+01
2.563000000000000000e+03 7.400000000000000000e+01
2.569000000000000000e+03 9.600000000000000000e+01
2.627000000000000000e+03 1.700000000000000000e+01
2.703000000000000000e+03 8.300000000000000000e+01
2.792000000000000000e+03 8.900000000000000000e+01
2.815000000000000000e+03 7.600000000000000000e+01
2.893000000000000000e+03 6.400000000000000000e+01
2.911000000000000000e+03 9.100000000000000000e+01
2.921000000000000000e+03 4.600000000000000000e+01
2.949000000000000000e+03 8.200000000000000000e+01
2.997000000000000000e+03 3.500000000000000000e+01
3.016000000000000000e+03 8.100000000000000000e+01
3.016000000000000000e+03 9.000000000000000000e+01
3.369000000000000000e+03 1.400000000000000000e+01
3.547000000000000000e+03 7.500000000000000000e+01
4.768000000000000000e+03 4.900000000000000000e+01
4.778000000000000000e+03 8.500000000000000000e+01
