7.700000000000000000e+01 8.100000000000000000e+01
9.800000000000000000e+01 8.500000000000000000e+01
2.680000000000000000e+02 2.500000000000000000e+01
3.430000000000000000e+02 9.900000000000000000e+01
3.500000000000000000e+02 3.900000000000000000e+01
4.430000000000000000e+02 4.200000000000000000e+01
5.100000000000000000e+02 2.300000000000000000e+01
5.410000000000000000e+02 5.300000000000000000e+01
5.430000000000000000e+02 0.000000000000000000e+00
7.420000000000000000e+02 7.400000000000000000e+01
7.430000000000000000e+02 3.100000000000000000e+01
9.520000000000000000e+02 8.200000000000000000e+01
1.003000000000000000e+03 5.100000000000000000e+01
1.114000000000000000e+03 4.900000000000000000e+01
1.116000000000000000e+03 2.700000000000000000e+01
1.193000000000000000e+03 6.000000000000000000e+00
1.225000000000000000e+03 5.200000000000000000e+01
1.257000000000000000e+03 6.500000000000000000e+01
1.398000000000000000e+03 4.900000000000000000e+01
1.527000000000000000e+03 2.300000000000000000e+01
1.568000000000000000e+03 3.800000000000000000e+01
1.970000000000000000e+03 3.800000000000000000e+01
2.053000000000000000e+03 6.600000000000000000e+01
2.166000000000000000e+03 9.300000000000000000e+01
2.335000000000000000e+03 8.900000000000000000e+01
2.421000000000000000e+03 2.300000000000000000e+01
2.459000000000000000e+03 5.300000000000000000e+01
2.598000000000000000e+03 6.600000000000000000e+01
2.599000000000000000e+03 0.000000000000000000e+00
2.948000000000000000e+03 1.000000000000000000e+01
2.965000000000000000e+03 3.900000000000000000e+01
2.969000000000000000e+03 9.400000000000000000e+01
3.060000000000000000e+03 6.800000000000000000e+01
3.185000000000000000e+03 8.400000000000000000e+01
