1.360000000000000000e+02 1.800000000000000000e+01
3.660000000000000000e+02 1.000000000000000000e+00
4.340000000000000000e+02 7.100000000000000000e+01
4.380000000000000000e+02 3.400000000000000000e+01
8.410000000000000000e+02 5.100000000000000000e+01
1.114000000000000000e+03 5.900000000000000000e+01
1.275000000000000000e+03 3.000000000000000000e+00
1.277000000000000000e+03 2.900000000000000000e+01
1.340000000000000000e+03 8.500000000000000000e+01
1.388000000000000000e+03 4.000000000000000000e+01
1.427000000000000000e+03 1.100000000000000000e+01
1.825000000000000000e+03 3.500000000000000000e+01
1.869000000000000000e+03 1.100000000000000000e+01
2.181000000000000000e+03 6.000000000000000000e+01
2.291000000000000000e+03 8.700000000000000000e+01
2.391000000000000000e+03 7.200000000000000000e+01
3.032000000000000000e+03 9.500000000000000000e+01
3.150000000000000000e+03 3.700000000000000000e+01
3.266000000000000000e+03 5.600000000000000000e+01
3.466000000000000000e+03 5.500000000000000000e+01
3.598000000000000000e+03 4.700000000000000000e+01
3.770000000000000000e+03 1.700000000000000000e+01
3.812000000000000000e+03 2.800000000000000000e+01
3.816000000000000000e+03 4.800000000000000000e+01
3.851000000000000000e+03 4.700000000000000000e+01
3.893000000000000000e+03 9.000000000000000000e+00
4.024000000000000000e+03 8.600000000000000000e+01
4.031000000000000000e+03 4.600000000000000000e+01
4.086000000000000000e+03 3.600000000000000000e+01
4.096000000000000000e+03 5.600000000000000000e+01
4.348000000000000000e+03 1.100000000000000000e+01
4.466000000000000000e+03 8.300000000000000000e+01
4.468000000000000000e+03 8.300000000000000000e+01
4.500000000000000000e+03 2.600000000000000000e+01
4.664000000000000000e+03 3.600000000000000000e+01
4.957000000000000000e+03 7.600000000000000000e+01
5.412000000000000000e+03 2.200000000000000000e+01
5.534000000000000000e+03 4.800000000000000000e+01
5.663000000000000000e+03 0.000000000000000000e+00
5.702000000000000000e+03 8.800000000000000000e+01
5.862000000000000000e+03 9.100000000000000000e+01
6.130000000000000000e+03 3.600000000000000000e+01
6.161000000000000000e+03 7.900000000000000000e+01
6.199000000000000000e+03 9.800000000000000000e+01
6.311000000000000000e+03 7.000000000000000000e+00
6.368000000000000000e+03 2.300000000000000000e+01
