3.000000000000000000e+00 3.100000000000000000e+01
2.210000000000000000e+02 5.100000000000000000e+01
2.420000000000000000e+02 9.400000000000000000e+01
2.680000000000000000e+02 9.100000000000000000e+01
3.220000000000000000e+02 4.600000000000000000e+01
5.250000000000000000e+02 4.900000000000000000e+01
5.560000000000000000e+02 7.600000000000000000e+01
5.850000000000000000e+02 6.000000000000000000e+01
6.420000000000000000e+02 6.700000000000000000e+01
8.080000000000000000e+02 2.000000000000000000e+00
8.520000000000000000e+02 9.300000000000000000e+01
8.780000000000000000e+02 9.900000000000000000e+01
8.840000000000000000e+02 3.200000000000000000e+01
9.400000000000000000e+02 3.100000000000000000e+01
