1.290000000000000000e+02 6.000000000000000000e+00
2.080000000000000000e+02 9.800000000000000000e+01
2.880000000000000000e+02 7.300000000000000000e+01
4.770000000000000000e+02 9.000000000000000000e+00
5.090000000000000000e+02 8.900000000000000000e+01
5.110000000000000000e+02 6.400000000000000000e+01
5.450000000000000000e+02 3.600000000000000000e+01
7.880000000000000000e+02 8.200000000000000000e+01
9.590000000000000000e+02 9.300000000000000000e+01
1.660000000000000000e+03 8.400000000000000000e+01
1.744000000000000000e+03 5.200000000000000000e+01
1.748000000000000000e+03 2.000000000000000000e+00
1.850000000000000000e+03 3.800000000000000000e+01
