4.700000000000000000e+01 9.200000000000000000e+01
1.410000000000000000e+02 7.900000000000000000e+01
2.490000000000000000e+02 6.200000000000000000e+01
3.600000000000000000e+02 2.400000000000000000e+01
4.530000000000000000e+02 2.100000000000000000e+01
7.690000000000000000e+02 2.200000000000000000e+01
9.180000000000000000e+02 2.200000000000000000e+01
1.056000000000000000e+03 6.000000000000000000e+00
1.076000000000000000e+03 6.400000000000000000e+01
1.082000000000000000e+03 7.100000000000000000e+01
1.101000000000000000e+03 5.400000000000000000e+01
1.299000000000000000e+03 2.200000000000000000e+01
1.326000000000000000e+03 2.000000000000000000e+01
1.354000000000000000e+03 4.900000000000000000e+01
