2.000000000000000000e+00 3.000000000000000000e+00
1.490000000000000000e+02 8.000000000000000000e+00
1.870000000000000000e+02 9.900000000000000000e+01
2.000000000000000000e+02 6.800000000000000000e+01
2.550000000000000000e+02 7.700000000000000000e+01
3.320000000000000000e+02 7.200000000000000000e+01
3.390000000000000000e+02 9.600000000000000000e+01
4.780000000000000000e+02 6.200000000000000000e+01
4.950000000000000000e+02 5.700000000000000000e+01
6.010000000000000000e+02 9.100000000000000000e+01
6.390000000000000000e+02 1.500000000000000000e+01
8.690000000000000000e+02 7.100000000000000000e+01
9.120000000000000000e+02 7.000000000000000000e+01
1.128000000000000000e+03 2.200000000000000000e+01
1.161000000000000000e+03 3.100000000000000000e+01
1.208000000000000000e+03 6.100000000000000000e+01
1.274000000000000000e+03 1.600000000000000000e+01
1.713000000000000000e+03 9.000000000000000000e+01
