3.400000000000000000e+01 6.500000000000000000e+01
1.820000000000000000e+02 1.400000000000000000e+01
2.050000000000000000e+02 8.900000000000000000e+01
2.310000000000000000e+02 7.700000000000000000e+01
2.390000000000000000e+02 3.900000000000000000e+01
2.470000000000000000e+02 3.100000000000000000e+01
4.960000000000000000e+02 9.800000000000000000e+01
5.720000000000000000e+02 2.400000000000000000e+01
8.720000000000000000e+02 1.400000000000000000e+01
9.120000000000000000e+02 3.000000000000000000e+00
1.082000000000000000e+03 7.800000000000000000e+01
1.089000000000000000e+03 9.400000000000000000e+01
1.300000000000000000e+03 5.400000000000000000e+01
1.653000000000000000e+03 1.900000000000000000e+01
1.965000000000000000e+03 8.600000000000000000e+01
1.995000000000000000e+03 3.100000000000000000e+01
2.202000000000000000e+03 5.500000000000000000e+01
2.381000000000000000e+03 3.900000000000000000e+01
2.463000000000000000e+03 2.000000000000000000e+00
2.505000000000000000e+03 8.100000000000000000e+01
2.590000000000000000e+03 3.500000000000000000e+01
2.640000000000000000e+03 5.000000000000000000e+00
2.658000000000000000e+03 9.800000000000000000e+01
2.808000000000000000e+03 4.000000000000000000e+00
2.886000000000000000e+03 4.600000000000000000e+01
3.078000000000000000e+03 5.000000000000000000e+01
3.226000000000000000e+03 3.000000000000000000e+01
3.570000000000000000e+03 6.600000000000000000e+01
3.659000000000000000e+03 6.500000000000000000e+01
3.769000000000000000e+03 7.600000000000000000e+01
3.789000000000000000e+03 1.100000000000000000e+01
3.881000000000000000e+03 1.500000000000000000e+01
3.882000000000000000e+03 5.900000000000000000e+01
3.901000000000000000e+03 9.800000000000000000e+01
4.024000000000000000e+03 6.400000000000000000e+01
4.142000000000000000e+03 4.000000000000000000e+00
4.196000000000000000e+03 6.100000000000000000e+01
4.302000000000000000e+03 9.200000000000000000e+01
4.541000000000000000e+03 7.900000000000000000e+01
4.747000000000000000e+03 6.100000000000000000e+01
