8.000000000000000000e+00 8.800000000000000000e+01
9.800000000000000000e+01 9.100000000000000000e+01
1.640000000000000000e+02 4.000000000000000000e+01
5.420000000000000000e+02 8.800000000000000000e+01
1.297000000000000000e+03 3.000000000000000000e+01
1.325000000000000000e+03 3.800000000000000000e+01
1.343000000000000000e+03 9.600000000000000000e+01
1.516000000000000000e+03 8.300000000000000000e+01
1.632000000000000000e+03 7.500000000000000000e+01
1.662000000000000000e+03 9.400000000000000000e+01
1.736000000000000000e+03 7.100000000000000000e+01
1.934000000000000000e+03 6.000000000000000000e+00
1.950000000000000000e+03 9.500000000000000000e+01
1.970000000000000000e+03 6.500000000000000000e+01
2.101000000000000000e+03 7.000000000000000000e+01
2.186000000000000000e+03 6.000000000000000000e+01
2.367000000000000000e+03 8.200000000000000000e+01
2.579000000000000000e+03 7.200000000000000000e+01
2.607000000000000000e+03 3.800000000000000000e+01
2.647000000000000000e+03 3.000000000000000000e+01
2.659000000000000000e+03 6.800000000000000000e+01
2.801000000000000000e+03 2.300000000000000000e+01
2.833000000000000000e+03 7.100000000000000000e+01
2.838000000000000000e+03 6.300000000000000000e+01
2.971000000000000000e+03 7.800000000000000000e+01
3.089000000000000000e+03 6.000000000000000000e+00
3.125000000000000000e+03 5.300000000000000000e+01
3.168000000000000000e+03 4.500000000000000000e+01
3.410000000000000000e+03 8.100000000000000000e+01
3.481000000000000000e+03 3.700000000000000000e+01
3.498000000000000000e+03 7.400000000000000000e+01
3.651000000000000000e+03 2.000000000000000000e+01
