5.810000000000000000e+02 6.600000000000000000e+01
6.480000000000000000e+02 1.400000000000000000e+01
6.740000000000000000e+02 8.100000000000000000e+01
7.410000000000000000e+02 6.200000000000000000e+01
9.180000000000000000e+02 4.600000000000000000e+01
9.940000000000000000e+02 5.200000000000000000e+01
1.109000000000000000e+03 7.900000000000000000e+01
1.289000000000000000e+03 3.000000000000000000e+00
1.384000000000000000e+03 8.600000000000000000e+01
1.525000000000000000e+03 2.900000000000000000e+01
1.543000000000000000e+03 5.000000000000000000e+01
1.595000000000000000e+03 9.100000000000000000e+01
1.649000000000000000e+03 6.500000000000000000e+01
2.059000000000000000e+03 1.500000000000000000e+01
2.197000000000000000e+03 8.000000000000000000e+01
2.969000000000000000e+03 5.300000000000000000e+01
3.208000000000000000e+03 8.200000000000000000e+01
3.236000000000000000e+03 0.000000000000000000e+00
3.346000000000000000e+03 8.000000000000000000e+01
3.540000000000000000e+03 9.900000000000000000e+01
3.635000000000000000e+03 6.600000000000000000e+01
3.681000000000000000e+03 4.300000000000000000e+01
