9.700000000000000000e+01 4.700000000000000000e+01
1.100000000000000000e+02 4.900000000000000000e+01
1.460000000000000000e+02 6.100000000000000000e+01
2.050000000000000000e+02 1.200000000000000000e+01
2.100000000000000000e+02 4.200000000000000000e+01
3.030000000000000000e+02 3.200000000000000000e+01
3.060000000000000000e+02 4.300000000000000000e+01
5.070000000000000000e+02 4.000000000000000000e+00
5.240000000000000000e+02 1.200000000000000000e+01
5.850000000000000000e+02 1.400000000000000000e+01
6.160000000000000000e+02 4.000000000000000000e+01
6.430000000000000000e+02 8.300000000000000000e+01
7.240000000000000000e+02 6.900000000000000000e+01
7.260000000000000000e+02 2.600000000000000000e+01
7.390000000000000000e+02 9.900000000000000000e+01
9.530000000000000000e+02 7.100000000000000000e+01
1.034000000000000000e+03 3.400000000000000000e+01
1.102000000000000000e+03 9.900000000000000000e+01
1.116000000000000000e+03 9.700000000000000000e+01
1.281000000000000000e+03 7.400000000000000000e+01
