2.990000000000000000e+02 6.000000000000000000e+01
4.590000000000000000e+02 1.500000000000000000e+01
4.610000000000000000e+02 9.800000000000000000e+01
4.840000000000000000e+02 9.100000000000000000e+01
4.900000000000000000e+02 2.800000000000000000e+01
5.000000000000000000e+02 1.700000000000000000e+01
5.660000000000000000e+02 9.000000000000000000e+00
6.560000000000000000e+02 7.100000000000000000e+01
7.280000000000000000e+02 4.300000000000000000e+01
7.530000000000000000e+02 2.300000000000000000e+01
8.330000000000000000e+02 6.000000000000000000e+01
8.880000000000000000e+02 2.500000000000000000e+01
1.242000000000000000e+03 5.300000000000000000e+01
1.248000000000000000e+03 9.200000000000000000e+01
1.375000000000000000e+03 2.300000000000000000e+01
1.414000000000000000e+03 8.600000000000000000e+01
1.418000000000000000e+03 9.000000000000000000e+00
1.495000000000000000e+03 5.600000000000000000e+01
1.602000000000000000e+03 3.000000000000000000e+01
1.639000000000000000e+03 5.900000000000000000e+01
1.850000000000000000e+03 3.000000000000000000e+01
2.087000000000000000e+03 2.800000000000000000e+01
2.199000000000000000e+03 1.600000000000000000e+01
2.242000000000000000e+03 7.100000000000000000e+01
2.268000000000000000e+03 5.200000000000000000e+01
2.661000000000000000e+03 3.900000000000000000e+01
2.691000000000000000e+03 8.000000000000000000e+00
2.739000000000000000e+03 5.800000000000000000e+01
2.757000000000000000e+03 1.400000000000000000e+01
2.769000000000000000e+03 8.100000000000000000e+01
3.340000000000000000e+03 8.700000000000000000e+01
3.412000000000000000e+03 6.100000000000000000e+01
3.423000000000000000e+03 5.700000000000000000e+01
3.572000000000000000e+03 9.000000000000000000e+00
3.705000000000000000e+03 6.800000000000000000e+01
3.745000000000000000e+03 8.800000000000000000e+01
3.841000000000000000e+03 3.100000000000000000e+01
3.843000000000000000e+03 9.700000000000000000e+01
