3.900000000000000000e+01 2.000000000000000000e+00
9.800000000000000000e+01 4.400000000000000000e+01
1.650000000000000000e+02 6.300000000000000000e+01
2.510000000000000000e+02 6.900000000000000000e+01
4.670000000000000000e+02 3.500000000000000000e+01
7.580000000000000000e+02 5.800000000000000000e+01
1.005000000000000000e+03 9.900000000000000000e+01
1.266000000000000000e+03 9.900000000000000000e+01
1.333000000000000000e+03 5.700000000000000000e+01
1.492000000000000000e+03 8.900000000000000000e+01
1.648000000000000000e+03 3.300000000000000000e+01
1.746000000000000000e+03 4.100000000000000000e+01
1.754000000000000000e+03 1.200000000000000000e+01
1.824000000000000000e+03 5.200000000000000000e+01
1.845000000000000000e+03 9.000000000000000000e+01
2.018000000000000000e+03 2.700000000000000000e+01
2.443000000000000000e+03 8.900000000000000000e+01
2.535000000000000000e+03 3.900000000000000000e+01
2.612000000000000000e+03 2.800000000000000000e+01
2.812000000000000000e+03 9.300000000000000000e+01
2.952000000000000000e+03 7.900000000000000000e+01
3.568000000000000000e+03 5.900000000000000000e+01
3.574000000000000000e+03 6.400000000000000000e+01
3.578000000000000000e+03 7.800000000000000000e+01
3.593000000000000000e+03 4.800000000000000000e+01
3.797000000000000000e+03 3.100000000000000000e+01
