2.000000000000000000e+01 8.900000000000000000e+01
2.600000000000000000e+01 7.900000000000000000e+01
1.260000000000000000e+02 8.000000000000000000e+01
1.730000000000000000e+02 9.100000000000000000e+01
1.850000000000000000e+02 8.900000000000000000e+01
2.670000000000000000e+02 8.300000000000000000e+01
2.850000000000000000e+02 5.300000000000000000e+01
6.030000000000000000e+02 9.500000000000000000e+01
6.490000000000000000e+02 8.700000000000000000e+01
6.840000000000000000e+02 7.500000000000000000e+01
7.600000000000000000e+02 2.100000000000000000e+01
7.660000000000000000e+02 3.400000000000000000e+01
8.280000000000000000e+02 2.400000000000000000e+01
