5.000000000000000000e+01 4.500000000000000000e+01
5.100000000000000000e+01 4.200000000000000000e+01
1.950000000000000000e+02 5.500000000000000000e+01
2.270000000000000000e+02 1.200000000000000000e+01
2.420000000000000000e+02 3.600000000000000000e+01
4.820000000000000000e+02 9.100000000000000000e+01
6.120000000000000000e+02 9.600000000000000000e+01
7.830000000000000000e+02 8.900000000000000000e+01
8.370000000000000000e+02 7.900000000000000000e+01
9.220000000000000000e+02 4.700000000000000000e+01
1.094000000000000000e+03 7.500000000000000000e+01
1.154000000000000000e+03 0.000000000000000000e+00
1.476000000000000000e+03 1.100000000000000000e+01
1.566000000000000000e+03 7.000000000000000000e+01
